sif	count	sd_os	mean_os	sd_TMB	mean_TMB	OSs	elseOSs	TMBs	elseTMBs
TP53 controls-expression-of AKT2	11	6.407640067893126	6.818181818181818	1.2370258921507018	3.441818181818182	[13.0, 2.0, 0.0, 5.0, 2.0, 2.0, 1.0, 4.0, 12.0, 14.0, 20.0]	[]	[2.23, 2.63, 5.58, 2.95, 2.95, 3.94, 4.39, 0.98, 3.35, 4.92, 3.94]	[]
PTEN controls-state-change-of PIK3CA	2	5.0	7.0	0.19999999999999996	3.1500000000000004	[2.0, 12.0]	[13.0, 2.0, 0.0, 5.0, 2.0, 1.0, 4.0, 14.0, 20.0]	[2.95, 3.35]	[2.23, 2.63, 5.58, 2.95, 3.94, 4.39, 0.98, 4.92, 3.94]
PAK1 controls-state-change-of CDH1	1	0.0	2.0	0.0	2.95	[2.0]	[13.0, 2.0, 0.0, 5.0, 2.0, 1.0, 4.0, 12.0, 14.0, 20.0]	[2.95]	[2.23, 2.63, 5.58, 2.95, 3.94, 4.39, 0.98, 3.35, 4.92, 3.94]
PIK3R1 controls-expression-of CCND3	1	0.0	20.0	0.0	3.94	[20.0]	[13.0, 2.0, 0.0, 5.0, 2.0, 2.0, 1.0, 4.0, 12.0, 14.0]	[3.94]	[2.23, 2.63, 5.58, 2.95, 2.95, 3.94, 4.39, 0.98, 3.35, 4.92]
VEGFA controls-state-change-of CD79B	1	0.0	20.0	0.0	3.94	[20.0]	[13.0, 2.0, 0.0, 5.0, 2.0, 2.0, 1.0, 4.0, 12.0, 14.0]	[3.94]	[2.23, 2.63, 5.58, 2.95, 2.95, 3.94, 4.39, 0.98, 3.35, 4.92]
ATR controls-state-change-of PRKDC	5	4.882622246293481	6.6	1.0116244362410391	2.626	[13.0, 2.0, 2.0, 4.0, 12.0]	[0.0, 5.0, 2.0, 1.0, 14.0, 20.0]	[2.23, 2.63, 3.94, 0.98, 3.35]	[5.58, 2.95, 2.95, 4.39, 4.92, 3.94]
PIK3CA controls-state-change-of FGF19	1	0.0	2.0	0.0	2.95	[2.0]	[13.0, 2.0, 0.0, 5.0, 2.0, 1.0, 4.0, 12.0, 14.0, 20.0]	[2.95]	[2.23, 2.63, 5.58, 2.95, 3.94, 4.39, 0.98, 3.35, 4.92, 3.94]
CASP8 controls-expression-of BCL2L1	7	4.952838806674205	7.428571428571429	1.1652835338601994	3.0	[13.0, 2.0, 5.0, 2.0, 4.0, 12.0, 14.0]	[0.0, 2.0, 1.0, 20.0]	[2.23, 2.63, 2.95, 3.94, 0.98, 3.35, 4.92]	[5.58, 2.95, 4.39, 3.94]
TP53 controls-expression-of MYC	10	6.527633568147036	7.3	1.2871087755119999	3.4910000000000005	[13.0, 2.0, 0.0, 5.0, 2.0, 1.0, 4.0, 12.0, 14.0, 20.0]	[2.0]	[2.23, 2.63, 5.58, 2.95, 3.94, 4.39, 0.98, 3.35, 4.92, 3.94]	[2.95]
CEBPA controls-expression-of NOTCH1	1	0.0	13.0	0.0	2.23	[13.0]	[2.0, 0.0, 5.0, 2.0, 2.0, 1.0, 4.0, 12.0, 14.0, 20.0]	[2.23]	[2.63, 5.58, 2.95, 2.95, 3.94, 4.39, 0.98, 3.35, 4.92, 3.94]
ATR controls-state-change-of MDM4	1	0.0	20.0	0.0	3.94	[20.0]	[13.0, 2.0, 0.0, 5.0, 2.0, 2.0, 1.0, 4.0, 12.0, 14.0]	[3.94]	[2.23, 2.63, 5.58, 2.95, 2.95, 3.94, 4.39, 0.98, 3.35, 4.92]
ERBB2 controls-state-change-of PIK3CA	11	6.407640067893126	6.818181818181818	1.2370258921507018	3.441818181818182	[13.0, 2.0, 0.0, 5.0, 2.0, 2.0, 1.0, 4.0, 12.0, 14.0, 20.0]	[]	[2.23, 2.63, 5.58, 2.95, 2.95, 3.94, 4.39, 0.98, 3.35, 4.92, 3.94]	[]
ERBB2 controls-state-change-of AKT2	11	6.407640067893126	6.818181818181818	1.2370258921507018	3.441818181818182	[13.0, 2.0, 0.0, 5.0, 2.0, 2.0, 1.0, 4.0, 12.0, 14.0, 20.0]	[]	[2.23, 2.63, 5.58, 2.95, 2.95, 3.94, 4.39, 0.98, 3.35, 4.92, 3.94]	[]
CEBPA controls-expression-of SRSF2	1	0.0	5.0	0.0	2.95	[5.0]	[13.0, 2.0, 0.0, 2.0, 2.0, 1.0, 4.0, 12.0, 14.0, 20.0]	[2.95]	[2.23, 2.63, 5.58, 2.95, 3.94, 4.39, 0.98, 3.35, 4.92, 3.94]
SRC controls-state-change-of KDR	1	0.0	5.0	0.0	2.95	[5.0]	[13.0, 2.0, 0.0, 2.0, 2.0, 1.0, 4.0, 12.0, 14.0, 20.0]	[2.95]	[2.23, 2.63, 5.58, 2.95, 3.94, 4.39, 0.98, 3.35, 4.92, 3.94]
JAK1 controls-state-change-of IKZF3	8	6.224949798994366	9.0	1.1334874282496477	3.1175	[13.0, 2.0, 5.0, 2.0, 4.0, 12.0, 14.0, 20.0]	[0.0, 2.0, 1.0]	[2.23, 2.63, 2.95, 3.94, 0.98, 3.35, 4.92, 3.94]	[5.58, 2.95, 4.39]
RUNX1 controls-expression-of FGF4	1	0.0	2.0	0.0	2.95	[2.0]	[13.0, 2.0, 0.0, 5.0, 2.0, 1.0, 4.0, 12.0, 14.0, 20.0]	[2.95]	[2.23, 2.63, 5.58, 2.95, 3.94, 4.39, 0.98, 3.35, 4.92, 3.94]
CHEK2 controls-state-change-of MDC1	8	6.224949798994366	9.0	1.1334874282496477	3.1175	[13.0, 2.0, 5.0, 2.0, 4.0, 12.0, 14.0, 20.0]	[0.0, 2.0, 1.0]	[2.23, 2.63, 2.95, 3.94, 0.98, 3.35, 4.92, 3.94]	[5.58, 2.95, 4.39]
FGFR1 controls-state-change-of AKT1	3	9.201449161228174	7.0	0.6918734630616273	4.636666666666666	[0.0, 1.0, 20.0]	[13.0, 2.0, 5.0, 2.0, 2.0, 4.0, 12.0, 14.0]	[5.58, 4.39, 3.94]	[2.23, 2.63, 2.95, 2.95, 3.94, 0.98, 3.35, 4.92]
STAT5A controls-state-change-of PRKCI	1	0.0	5.0	0.0	2.95	[5.0]	[13.0, 2.0, 0.0, 2.0, 2.0, 1.0, 4.0, 12.0, 14.0, 20.0]	[2.95]	[2.23, 2.63, 5.58, 2.95, 3.94, 4.39, 0.98, 3.35, 4.92, 3.94]
HIST1H3B controls-expression-of MYC	1	0.0	12.0	0.0	3.35	[12.0]	[13.0, 2.0, 0.0, 5.0, 2.0, 2.0, 1.0, 4.0, 14.0, 20.0]	[3.35]	[2.23, 2.63, 5.58, 2.95, 2.95, 3.94, 4.39, 0.98, 4.92, 3.94]
SOX9 controls-expression-of FGFR1	2	0.5	0.5	0.5950000000000002	4.984999999999999	[0.0, 1.0]	[13.0, 2.0, 5.0, 2.0, 2.0, 4.0, 12.0, 14.0, 20.0]	[5.58, 4.39]	[2.23, 2.63, 2.95, 2.95, 3.94, 0.98, 3.35, 4.92, 3.94]
STAT5B controls-state-change-of RRAS	1	0.0	5.0	0.0	2.95	[5.0]	[13.0, 2.0, 0.0, 2.0, 2.0, 1.0, 4.0, 12.0, 14.0, 20.0]	[2.95]	[2.23, 2.63, 5.58, 2.95, 3.94, 4.39, 0.98, 3.35, 4.92, 3.94]
MDC1 controls-expression-of FANCD2	1	0.0	20.0	0.0	3.94	[20.0]	[13.0, 2.0, 0.0, 5.0, 2.0, 2.0, 1.0, 4.0, 12.0, 14.0]	[3.94]	[2.23, 2.63, 5.58, 2.95, 2.95, 3.94, 4.39, 0.98, 3.35, 4.92]
TP53 controls-expression-of VEGFA	3	4.0276819911981905	7.333333333333333	0.8138932498935117	2.0533333333333332	[13.0, 5.0, 4.0]	[2.0, 0.0, 2.0, 2.0, 1.0, 12.0, 14.0, 20.0]	[2.23, 2.95, 0.98]	[2.63, 5.58, 2.95, 3.94, 4.39, 3.35, 4.92, 3.94]
EGFR controls-state-change-of CDH1	1	0.0	14.0	0.0	4.92	[14.0]	[13.0, 2.0, 0.0, 5.0, 2.0, 2.0, 1.0, 4.0, 12.0, 20.0]	[4.92]	[2.23, 2.63, 5.58, 2.95, 2.95, 3.94, 4.39, 0.98, 3.35, 3.94]
TP53 controls-expression-of BRCA1	1	0.0	12.0	0.0	3.35	[12.0]	[13.0, 2.0, 0.0, 5.0, 2.0, 2.0, 1.0, 4.0, 14.0, 20.0]	[3.35]	[2.23, 2.63, 5.58, 2.95, 2.95, 3.94, 4.39, 0.98, 4.92, 3.94]
JAK2 controls-state-change-of KRAS	10	6.527633568147036	7.3	1.2871087755119999	3.4910000000000005	[13.0, 2.0, 0.0, 5.0, 2.0, 1.0, 4.0, 12.0, 14.0, 20.0]	[2.0]	[2.23, 2.63, 5.58, 2.95, 3.94, 4.39, 0.98, 3.35, 4.92, 3.94]	[2.95]
POLD1 controls-state-change-of BRCA1	1	0.0	20.0	0.0	3.94	[20.0]	[13.0, 2.0, 0.0, 5.0, 2.0, 2.0, 1.0, 4.0, 12.0, 14.0]	[3.94]	[2.23, 2.63, 5.58, 2.95, 2.95, 3.94, 4.39, 0.98, 3.35, 4.92]
ERBB2 controls-state-change-of KRAS	10	6.527633568147036	7.3	1.2871087755119999	3.4910000000000005	[13.0, 2.0, 0.0, 5.0, 2.0, 1.0, 4.0, 12.0, 14.0, 20.0]	[2.0]	[2.23, 2.63, 5.58, 2.95, 3.94, 4.39, 0.98, 3.35, 4.92, 3.94]	[2.95]
STAT5B controls-state-change-of PRKCI	1	0.0	5.0	0.0	2.95	[5.0]	[13.0, 2.0, 0.0, 2.0, 2.0, 1.0, 4.0, 12.0, 14.0, 20.0]	[2.95]	[2.23, 2.63, 5.58, 2.95, 3.94, 4.39, 0.98, 3.35, 4.92, 3.94]
STAT5A controls-expression-of CDK6	1	0.0	5.0	0.0	2.95	[5.0]	[13.0, 2.0, 0.0, 2.0, 2.0, 1.0, 4.0, 12.0, 14.0, 20.0]	[2.95]	[2.23, 2.63, 5.58, 2.95, 3.94, 4.39, 0.98, 3.35, 4.92, 3.94]
STAT5A controls-expression-of KDM6A	1	0.0	5.0	0.0	2.95	[5.0]	[13.0, 2.0, 0.0, 2.0, 2.0, 1.0, 4.0, 12.0, 14.0, 20.0]	[2.95]	[2.23, 2.63, 5.58, 2.95, 3.94, 4.39, 0.98, 3.35, 4.92, 3.94]
CDK12 controls-expression-of BRCA1	1	0.0	12.0	0.0	3.35	[12.0]	[13.0, 2.0, 0.0, 5.0, 2.0, 2.0, 1.0, 4.0, 14.0, 20.0]	[3.35]	[2.23, 2.63, 5.58, 2.95, 2.95, 3.94, 4.39, 0.98, 4.92, 3.94]
MYB controls-expression-of CCND2	8	6.224949798994366	9.0	1.1334874282496477	3.1175	[13.0, 2.0, 5.0, 2.0, 4.0, 12.0, 14.0, 20.0]	[0.0, 2.0, 1.0]	[2.23, 2.63, 2.95, 3.94, 0.98, 3.35, 4.92, 3.94]	[5.58, 2.95, 4.39]
PTEN controls-state-change-of EGFR	1	0.0	12.0	0.0	3.35	[12.0]	[13.0, 2.0, 0.0, 5.0, 2.0, 2.0, 1.0, 4.0, 14.0, 20.0]	[3.35]	[2.23, 2.63, 5.58, 2.95, 2.95, 3.94, 4.39, 0.98, 4.92, 3.94]
TCF3 controls-expression-of FLT3	1	0.0	14.0	0.0	4.92	[14.0]	[13.0, 2.0, 0.0, 5.0, 2.0, 2.0, 1.0, 4.0, 12.0, 20.0]	[4.92]	[2.23, 2.63, 5.58, 2.95, 2.95, 3.94, 4.39, 0.98, 3.35, 3.94]
TP53 controls-expression-of CCND1	1	0.0	2.0	0.0	2.95	[2.0]	[13.0, 2.0, 0.0, 5.0, 2.0, 1.0, 4.0, 12.0, 14.0, 20.0]	[2.95]	[2.23, 2.63, 5.58, 2.95, 3.94, 4.39, 0.98, 3.35, 4.92, 3.94]
EGFR controls-state-change-of PIK3R1	1	0.0	20.0	0.0	3.94	[20.0]	[13.0, 2.0, 0.0, 5.0, 2.0, 2.0, 1.0, 4.0, 12.0, 14.0]	[3.94]	[2.23, 2.63, 5.58, 2.95, 2.95, 3.94, 4.39, 0.98, 3.35, 4.92]
NOTCH1 controls-state-change-of STAT3	1	0.0	14.0	0.0	4.92	[14.0]	[13.0, 2.0, 0.0, 5.0, 2.0, 2.0, 1.0, 4.0, 12.0, 20.0]	[4.92]	[2.23, 2.63, 5.58, 2.95, 2.95, 3.94, 4.39, 0.98, 3.35, 3.94]
KDR controls-state-change-of SRC	1	0.0	5.0	0.0	2.95	[5.0]	[13.0, 2.0, 0.0, 2.0, 2.0, 1.0, 4.0, 12.0, 14.0, 20.0]	[2.95]	[2.23, 2.63, 5.58, 2.95, 3.94, 4.39, 0.98, 3.35, 4.92, 3.94]
CD79B controls-state-change-of PIK3CA	2	0.5	1.5	0.7199999999999998	3.67	[2.0, 1.0]	[13.0, 2.0, 0.0, 5.0, 2.0, 4.0, 12.0, 14.0, 20.0]	[2.95, 4.39]	[2.23, 2.63, 5.58, 2.95, 3.94, 0.98, 3.35, 4.92, 3.94]
VEGFA controls-state-change-of AKT1	1	0.0	14.0	0.0	4.92	[14.0]	[13.0, 2.0, 0.0, 5.0, 2.0, 2.0, 1.0, 4.0, 12.0, 20.0]	[4.92]	[2.23, 2.63, 5.58, 2.95, 2.95, 3.94, 4.39, 0.98, 3.35, 3.94]
BRCA1 controls-state-change-of RB1	1	0.0	12.0	0.0	3.35	[12.0]	[13.0, 2.0, 0.0, 5.0, 2.0, 2.0, 1.0, 4.0, 14.0, 20.0]	[3.35]	[2.23, 2.63, 5.58, 2.95, 2.95, 3.94, 4.39, 0.98, 4.92, 3.94]
CCNE1 controls-state-change-of CDKN1B	6	7.340905181848414	8.666666666666666	0.9470788421949533	3.6750000000000003	[13.0, 2.0, 2.0, 1.0, 14.0, 20.0]	[0.0, 5.0, 2.0, 4.0, 12.0]	[2.23, 2.63, 3.94, 4.39, 4.92, 3.94]	[5.58, 2.95, 2.95, 0.98, 3.35]
VEGFA controls-state-change-of AKT2	3	4.0276819911981905	7.333333333333333	0.8138932498935117	2.0533333333333332	[13.0, 5.0, 4.0]	[2.0, 0.0, 2.0, 2.0, 1.0, 12.0, 14.0, 20.0]	[2.23, 2.95, 0.98]	[2.63, 5.58, 2.95, 3.94, 4.39, 3.35, 4.92, 3.94]
BRCA1 controls-state-change-of AKT1	3	8.48528137423857	8.0	0.6175399222362515	3.5033333333333334	[2.0, 2.0, 20.0]	[13.0, 0.0, 5.0, 2.0, 1.0, 4.0, 12.0, 14.0]	[2.63, 3.94, 3.94]	[2.23, 5.58, 2.95, 2.95, 4.39, 0.98, 3.35, 4.92]
PAK1 controls-state-change-of CTNNB1	1	0.0	1.0	0.0	4.39	[1.0]	[13.0, 2.0, 0.0, 5.0, 2.0, 2.0, 4.0, 12.0, 14.0, 20.0]	[4.39]	[2.23, 2.63, 5.58, 2.95, 2.95, 3.94, 0.98, 3.35, 4.92, 3.94]
CEBPA controls-expression-of KMT2B	3	0.9428090415820634	2.6666666666666665	1.2110693163022868	2.516666666666667	[2.0, 2.0, 4.0]	[13.0, 0.0, 5.0, 2.0, 1.0, 12.0, 14.0, 20.0]	[2.63, 3.94, 0.98]	[2.23, 5.58, 2.95, 2.95, 4.39, 3.35, 4.92, 3.94]
PTPRD controls-state-change-of VEGFA	2	0.5	4.5	0.9850000000000001	1.965	[5.0, 4.0]	[13.0, 2.0, 0.0, 2.0, 2.0, 1.0, 12.0, 14.0, 20.0]	[2.95, 0.98]	[2.23, 2.63, 5.58, 2.95, 3.94, 4.39, 3.35, 4.92, 3.94]
EGFR controls-state-change-of JAK2	10	6.527633568147036	7.3	1.2871087755119999	3.4910000000000005	[13.0, 2.0, 0.0, 5.0, 2.0, 1.0, 4.0, 12.0, 14.0, 20.0]	[2.0]	[2.23, 2.63, 5.58, 2.95, 3.94, 4.39, 0.98, 3.35, 4.92, 3.94]	[2.95]
KRAS controls-state-change-of TP53	10	6.527633568147036	7.3	1.2871087755119999	3.4910000000000005	[13.0, 2.0, 0.0, 5.0, 2.0, 1.0, 4.0, 12.0, 14.0, 20.0]	[2.0]	[2.23, 2.63, 5.58, 2.95, 3.94, 4.39, 0.98, 3.35, 4.92, 3.94]	[2.95]
GH1 controls-expression-of TP53	1	0.0	2.0	0.0	2.95	[2.0]	[13.0, 2.0, 0.0, 5.0, 2.0, 1.0, 4.0, 12.0, 14.0, 20.0]	[2.95]	[2.23, 2.63, 5.58, 2.95, 3.94, 4.39, 0.98, 3.35, 4.92, 3.94]
BARD1 controls-state-change-of FANCA	1	0.0	0.0	0.0	5.58	[0.0]	[13.0, 2.0, 5.0, 2.0, 2.0, 1.0, 4.0, 12.0, 14.0, 20.0]	[5.58]	[2.23, 2.63, 2.95, 2.95, 3.94, 4.39, 0.98, 3.35, 4.92, 3.94]
STAT5B controls-expression-of RRAS	1	0.0	5.0	0.0	2.95	[5.0]	[13.0, 2.0, 0.0, 2.0, 2.0, 1.0, 4.0, 12.0, 14.0, 20.0]	[2.95]	[2.23, 2.63, 5.58, 2.95, 3.94, 4.39, 0.98, 3.35, 4.92, 3.94]
MYB controls-expression-of KMT2D	7	6.4554991586828585	9.571428571428571	1.2098574717878203	3.141428571428571	[13.0, 2.0, 2.0, 4.0, 12.0, 14.0, 20.0]	[0.0, 5.0, 2.0, 1.0]	[2.23, 2.63, 3.94, 0.98, 3.35, 4.92, 3.94]	[5.58, 2.95, 2.95, 4.39]
TCF3 controls-expression-of NSD1	1	0.0	14.0	0.0	4.92	[14.0]	[13.0, 2.0, 0.0, 5.0, 2.0, 2.0, 1.0, 4.0, 12.0, 20.0]	[4.92]	[2.23, 2.63, 5.58, 2.95, 2.95, 3.94, 4.39, 0.98, 3.35, 3.94]
BRCA1 controls-expression-of TNFAIP3	1	0.0	5.0	0.0	2.95	[5.0]	[13.0, 2.0, 0.0, 2.0, 2.0, 1.0, 4.0, 12.0, 14.0, 20.0]	[2.95]	[2.23, 2.63, 5.58, 2.95, 3.94, 4.39, 0.98, 3.35, 4.92, 3.94]
FGFR2 controls-state-change-of CD79B	1	0.0	20.0	0.0	3.94	[20.0]	[13.0, 2.0, 0.0, 5.0, 2.0, 2.0, 1.0, 4.0, 12.0, 14.0]	[3.94]	[2.23, 2.63, 5.58, 2.95, 2.95, 3.94, 4.39, 0.98, 3.35, 4.92]
JAK2 controls-state-change-of CD79B	1	0.0	1.0	0.0	4.39	[1.0]	[13.0, 2.0, 0.0, 5.0, 2.0, 2.0, 4.0, 12.0, 14.0, 20.0]	[4.39]	[2.23, 2.63, 5.58, 2.95, 2.95, 3.94, 0.98, 3.35, 4.92, 3.94]
KDR controls-state-change-of PIK3CB	1	0.0	5.0	0.0	2.95	[5.0]	[13.0, 2.0, 0.0, 2.0, 2.0, 1.0, 4.0, 12.0, 14.0, 20.0]	[2.95]	[2.23, 2.63, 5.58, 2.95, 3.94, 4.39, 0.98, 3.35, 4.92, 3.94]
CEBPA controls-expression-of CACNA2D3	3	4.714045207910317	5.333333333333333	0.5356823270890646	3.3066666666666666	[2.0, 2.0, 12.0]	[13.0, 0.0, 5.0, 2.0, 1.0, 4.0, 14.0, 20.0]	[2.63, 3.94, 3.35]	[2.23, 5.58, 2.95, 2.95, 4.39, 0.98, 4.92, 3.94]
FANCA controls-state-change-of FANCD2	2	1.0	1.0	1.475	4.105	[2.0, 0.0]	[13.0, 5.0, 2.0, 2.0, 1.0, 4.0, 12.0, 14.0, 20.0]	[2.63, 5.58]	[2.23, 2.95, 2.95, 3.94, 4.39, 0.98, 3.35, 4.92, 3.94]
MYC controls-expression-of FBXW7	1	0.0	14.0	0.0	4.92	[14.0]	[13.0, 2.0, 0.0, 5.0, 2.0, 2.0, 1.0, 4.0, 12.0, 20.0]	[4.92]	[2.23, 2.63, 5.58, 2.95, 2.95, 3.94, 4.39, 0.98, 3.35, 3.94]
AURKA controls-state-change-of HIST1H3F	1	0.0	5.0	0.0	2.95	[5.0]	[13.0, 2.0, 0.0, 2.0, 2.0, 1.0, 4.0, 12.0, 14.0, 20.0]	[2.95]	[2.23, 2.63, 5.58, 2.95, 3.94, 4.39, 0.98, 3.35, 4.92, 3.94]
BRCA1 controls-expression-of HIST1H3B	1	0.0	12.0	0.0	3.35	[12.0]	[13.0, 2.0, 0.0, 5.0, 2.0, 2.0, 1.0, 4.0, 14.0, 20.0]	[3.35]	[2.23, 2.63, 5.58, 2.95, 2.95, 3.94, 4.39, 0.98, 4.92, 3.94]
NOTCH1 controls-expression-of CDH1	1	0.0	13.0	0.0	2.23	[13.0]	[2.0, 0.0, 5.0, 2.0, 2.0, 1.0, 4.0, 12.0, 14.0, 20.0]	[2.23]	[2.63, 5.58, 2.95, 2.95, 3.94, 4.39, 0.98, 3.35, 4.92, 3.94]
ATR controls-state-change-of NBN	6	4.496912521077347	6.333333333333333	0.9313431161500041	2.68	[13.0, 2.0, 5.0, 2.0, 4.0, 12.0]	[0.0, 2.0, 1.0, 14.0, 20.0]	[2.23, 2.63, 2.95, 3.94, 0.98, 3.35]	[5.58, 2.95, 4.39, 4.92, 3.94]
AURKA controls-state-change-of HIST1H3B	1	0.0	5.0	0.0	2.95	[5.0]	[13.0, 2.0, 0.0, 2.0, 2.0, 1.0, 4.0, 12.0, 14.0, 20.0]	[2.95]	[2.23, 2.63, 5.58, 2.95, 3.94, 4.39, 0.98, 3.35, 4.92, 3.94]
STAT5A controls-expression-of FBXW7	1	0.0	5.0	0.0	2.95	[5.0]	[13.0, 2.0, 0.0, 2.0, 2.0, 1.0, 4.0, 12.0, 14.0, 20.0]	[2.95]	[2.23, 2.63, 5.58, 2.95, 3.94, 4.39, 0.98, 3.35, 4.92, 3.94]
CCNE1 controls-state-change-of BRCA1	1	0.0	12.0	0.0	3.35	[12.0]	[13.0, 2.0, 0.0, 5.0, 2.0, 2.0, 1.0, 4.0, 14.0, 20.0]	[3.35]	[2.23, 2.63, 5.58, 2.95, 2.95, 3.94, 4.39, 0.98, 4.92, 3.94]
PAK1 controls-state-change-of BRAF	9	6.465482900433847	6.555555555555555	1.244505950860981	3.3677777777777784	[13.0, 0.0, 5.0, 2.0, 2.0, 1.0, 4.0, 12.0, 20.0]	[2.0, 14.0]	[2.23, 5.58, 2.95, 2.95, 3.94, 4.39, 0.98, 3.35, 3.94]	[2.63, 4.92]
MDM2 controls-state-change-of FOXO3	5	7.222188034107115	10.2	1.7026567475565941	3.5300000000000002	[13.0, 0.0, 4.0, 14.0, 20.0]	[2.0, 5.0, 2.0, 2.0, 1.0, 12.0]	[2.23, 5.58, 0.98, 4.92, 3.94]	[2.63, 2.95, 2.95, 3.94, 4.39, 3.35]
PIK3CB controls-state-change-of RRAS	1	0.0	5.0	0.0	2.95	[5.0]	[13.0, 2.0, 0.0, 2.0, 2.0, 1.0, 4.0, 12.0, 14.0, 20.0]	[2.95]	[2.23, 2.63, 5.58, 2.95, 3.94, 4.39, 0.98, 3.35, 4.92, 3.94]
PRKCI controls-state-change-of STAT5A	1	0.0	5.0	0.0	2.95	[5.0]	[13.0, 2.0, 0.0, 2.0, 2.0, 1.0, 4.0, 12.0, 14.0, 20.0]	[2.95]	[2.23, 2.63, 5.58, 2.95, 3.94, 4.39, 0.98, 3.35, 4.92, 3.94]
PRKCI controls-state-change-of STAT5B	1	0.0	5.0	0.0	2.95	[5.0]	[13.0, 2.0, 0.0, 2.0, 2.0, 1.0, 4.0, 12.0, 14.0, 20.0]	[2.95]	[2.23, 2.63, 5.58, 2.95, 3.94, 4.39, 0.98, 3.35, 4.92, 3.94]
PIK3R1 controls-state-change-of EGFR	1	0.0	20.0	0.0	3.94	[20.0]	[13.0, 2.0, 0.0, 5.0, 2.0, 2.0, 1.0, 4.0, 12.0, 14.0]	[3.94]	[2.23, 2.63, 5.58, 2.95, 2.95, 3.94, 4.39, 0.98, 3.35, 4.92]
CREBBP controls-expression-of VEGFA	5	7.042726744663604	10.0	0.7556877662103576	3.7560000000000002	[2.0, 2.0, 12.0, 14.0, 20.0]	[13.0, 0.0, 5.0, 2.0, 1.0, 4.0]	[2.63, 3.94, 3.35, 4.92, 3.94]	[2.23, 5.58, 2.95, 2.95, 4.39, 0.98]
MYC controls-expression-of FOXO3	9	6.623937138128391	7.888888888888889	1.322573249389235	3.586666666666667	[13.0, 0.0, 5.0, 2.0, 1.0, 4.0, 12.0, 14.0, 20.0]	[2.0, 2.0]	[2.23, 5.58, 2.95, 3.94, 4.39, 0.98, 3.35, 4.92, 3.94]	[2.63, 2.95]
CEBPA controls-expression-of NTRK1	7	6.340668863192042	8.285714285714286	0.9684449980694383	2.8600000000000003	[13.0, 2.0, 5.0, 2.0, 4.0, 12.0, 20.0]	[0.0, 2.0, 1.0, 14.0]	[2.23, 2.63, 2.95, 3.94, 0.98, 3.35, 3.94]	[5.58, 2.95, 4.39, 4.92]
JAK2 controls-state-change-of PAK1	9	6.465482900433846	6.555555555555555	1.2604036194610906	3.3322222222222226	[13.0, 2.0, 0.0, 5.0, 2.0, 1.0, 4.0, 12.0, 20.0]	[2.0, 14.0]	[2.23, 2.63, 5.58, 2.95, 3.94, 4.39, 0.98, 3.35, 3.94]	[2.95, 4.92]
RB1 controls-expression-of CDKN2A	9	6.384781288248286	8.11111111111111	1.1410369985669901	3.258888888888889	[13.0, 2.0, 5.0, 2.0, 1.0, 4.0, 12.0, 14.0, 20.0]	[0.0, 2.0]	[2.23, 2.63, 2.95, 3.94, 4.39, 0.98, 3.35, 4.92, 3.94]	[5.58, 2.95]
RAF1 controls-state-change-of MYC	1	0.0	5.0	0.0	2.95	[5.0]	[13.0, 2.0, 0.0, 2.0, 2.0, 1.0, 4.0, 12.0, 14.0, 20.0]	[2.95]	[2.23, 2.63, 5.58, 2.95, 3.94, 4.39, 0.98, 3.35, 4.92, 3.94]
RB1 controls-expression-of CCND3	9	6.384781288248286	8.11111111111111	1.1410369985669901	3.258888888888889	[13.0, 2.0, 5.0, 2.0, 1.0, 4.0, 12.0, 14.0, 20.0]	[0.0, 2.0]	[2.23, 2.63, 2.95, 3.94, 4.39, 0.98, 3.35, 4.92, 3.94]	[5.58, 2.95]
MYC controls-expression-of TP53	10	6.527633568147036	7.3	1.2871087755119999	3.4910000000000005	[13.0, 2.0, 0.0, 5.0, 2.0, 1.0, 4.0, 12.0, 14.0, 20.0]	[2.0]	[2.23, 2.63, 5.58, 2.95, 3.94, 4.39, 0.98, 3.35, 4.92, 3.94]	[2.95]
MYC controls-expression-of BRCA2	1	0.0	20.0	0.0	3.94	[20.0]	[13.0, 2.0, 0.0, 5.0, 2.0, 2.0, 1.0, 4.0, 12.0, 14.0]	[3.94]	[2.23, 2.63, 5.58, 2.95, 2.95, 3.94, 4.39, 0.98, 3.35, 4.92]
KIT controls-state-change-of FGF4	6	6.693695209341067	8.833333333333334	1.0452870419171951	2.845	[13.0, 2.0, 2.0, 4.0, 12.0, 20.0]	[0.0, 5.0, 2.0, 1.0, 14.0]	[2.23, 2.63, 3.94, 0.98, 3.35, 3.94]	[5.58, 2.95, 2.95, 4.39, 4.92]
MYC controls-expression-of BRCA1	1	0.0	12.0	0.0	3.35	[12.0]	[13.0, 2.0, 0.0, 5.0, 2.0, 2.0, 1.0, 4.0, 14.0, 20.0]	[3.35]	[2.23, 2.63, 5.58, 2.95, 2.95, 3.94, 4.39, 0.98, 4.92, 3.94]
KRAS controls-expression-of MYC	10	6.527633568147036	7.3	1.2871087755119999	3.4910000000000005	[13.0, 2.0, 0.0, 5.0, 2.0, 1.0, 4.0, 12.0, 14.0, 20.0]	[2.0]	[2.23, 2.63, 5.58, 2.95, 3.94, 4.39, 0.98, 3.35, 4.92, 3.94]	[2.95]
AKT2 controls-state-change-of RAF1	1	0.0	5.0	0.0	2.95	[5.0]	[13.0, 2.0, 0.0, 2.0, 2.0, 1.0, 4.0, 12.0, 14.0, 20.0]	[2.95]	[2.23, 2.63, 5.58, 2.95, 3.94, 4.39, 0.98, 3.35, 4.92, 3.94]
KIT controls-state-change-of FGF3	6	6.693695209341067	8.833333333333334	1.0452870419171951	2.845	[13.0, 2.0, 2.0, 4.0, 12.0, 20.0]	[0.0, 5.0, 2.0, 1.0, 14.0]	[2.23, 2.63, 3.94, 0.98, 3.35, 3.94]	[5.58, 2.95, 2.95, 4.39, 4.92]
KMT2D controls-state-change-of MYC	1	0.0	1.0	0.0	4.39	[1.0]	[13.0, 2.0, 0.0, 5.0, 2.0, 2.0, 4.0, 12.0, 14.0, 20.0]	[4.39]	[2.23, 2.63, 5.58, 2.95, 2.95, 3.94, 0.98, 3.35, 4.92, 3.94]
KIT controls-state-change-of CD79B	1	0.0	20.0	0.0	3.94	[20.0]	[13.0, 2.0, 0.0, 5.0, 2.0, 2.0, 1.0, 4.0, 12.0, 14.0]	[3.94]	[2.23, 2.63, 5.58, 2.95, 2.95, 3.94, 4.39, 0.98, 3.35, 4.92]
JAK3 controls-state-change-of AKT1	1	0.0	20.0	0.0	3.94	[20.0]	[13.0, 2.0, 0.0, 5.0, 2.0, 2.0, 1.0, 4.0, 12.0, 14.0]	[3.94]	[2.23, 2.63, 5.58, 2.95, 2.95, 3.94, 4.39, 0.98, 3.35, 4.92]
CREBBP controls-expression-of CCND1	6	6.693695209341067	8.833333333333334	1.0452870419171951	2.845	[13.0, 2.0, 2.0, 4.0, 12.0, 20.0]	[0.0, 5.0, 2.0, 1.0, 14.0]	[2.23, 2.63, 3.94, 0.98, 3.35, 3.94]	[5.58, 2.95, 2.95, 4.39, 4.92]
PRKCQ controls-state-change-of RAF1	1	0.0	5.0	0.0	2.95	[5.0]	[13.0, 2.0, 0.0, 2.0, 2.0, 1.0, 4.0, 12.0, 14.0, 20.0]	[2.95]	[2.23, 2.63, 5.58, 2.95, 3.94, 4.39, 0.98, 3.35, 4.92, 3.94]
RB1 controls-expression-of CDKN1B	8	6.613197033205649	7.625	1.2097701227919295	3.2475	[13.0, 2.0, 5.0, 2.0, 1.0, 4.0, 14.0, 20.0]	[0.0, 2.0, 12.0]	[2.23, 2.63, 2.95, 3.94, 4.39, 0.98, 4.92, 3.94]	[5.58, 2.95, 3.35]
CREBBP controls-expression-of CCND2	8	6.224949798994366	9.0	1.1334874282496477	3.1175	[13.0, 2.0, 5.0, 2.0, 4.0, 12.0, 14.0, 20.0]	[0.0, 2.0, 1.0]	[2.23, 2.63, 2.95, 3.94, 0.98, 3.35, 4.92, 3.94]	[5.58, 2.95, 4.39]
RUNX1 controls-expression-of RNF43	1	0.0	2.0	0.0	2.95	[2.0]	[13.0, 2.0, 0.0, 5.0, 2.0, 1.0, 4.0, 12.0, 14.0, 20.0]	[2.95]	[2.23, 2.63, 5.58, 2.95, 3.94, 4.39, 0.98, 3.35, 4.92, 3.94]
MDM2 controls-expression-of TP53	6	7.26674311886388	8.833333333333334	1.5900838552311218	3.3800000000000003	[13.0, 2.0, 0.0, 4.0, 14.0, 20.0]	[5.0, 2.0, 2.0, 1.0, 12.0]	[2.23, 2.63, 5.58, 0.98, 4.92, 3.94]	[2.95, 2.95, 3.94, 4.39, 3.35]
RAF1 controls-state-change-of RB1	1	0.0	5.0	0.0	2.95	[5.0]	[13.0, 2.0, 0.0, 2.0, 2.0, 1.0, 4.0, 12.0, 14.0, 20.0]	[2.95]	[2.23, 2.63, 5.58, 2.95, 3.94, 4.39, 0.98, 3.35, 4.92, 3.94]
KDR controls-state-change-of FGFR1	1	0.0	20.0	0.0	3.94	[20.0]	[13.0, 2.0, 0.0, 5.0, 2.0, 2.0, 1.0, 4.0, 12.0, 14.0]	[3.94]	[2.23, 2.63, 5.58, 2.95, 2.95, 3.94, 4.39, 0.98, 3.35, 4.92]
INPPL1 controls-state-change-of EGFR	1	0.0	0.0	0.0	5.58	[0.0]	[13.0, 2.0, 5.0, 2.0, 2.0, 1.0, 4.0, 12.0, 14.0, 20.0]	[5.58]	[2.23, 2.63, 2.95, 2.95, 3.94, 4.39, 0.98, 3.35, 4.92, 3.94]
TP53 controls-expression-of RB1	9	6.384781288248286	8.11111111111111	1.1410369985669901	3.258888888888889	[13.0, 2.0, 5.0, 2.0, 1.0, 4.0, 12.0, 14.0, 20.0]	[0.0, 2.0]	[2.23, 2.63, 2.95, 3.94, 4.39, 0.98, 3.35, 4.92, 3.94]	[5.58, 2.95]
JAK3 controls-expression-of BCL2L1	1	0.0	20.0	0.0	3.94	[20.0]	[13.0, 2.0, 0.0, 5.0, 2.0, 2.0, 1.0, 4.0, 12.0, 14.0]	[3.94]	[2.23, 2.63, 5.58, 2.95, 2.95, 3.94, 4.39, 0.98, 3.35, 4.92]
JAK2 controls-state-change-of RAF1	1	0.0	5.0	0.0	2.95	[5.0]	[13.0, 2.0, 0.0, 2.0, 2.0, 1.0, 4.0, 12.0, 14.0, 20.0]	[2.95]	[2.23, 2.63, 5.58, 2.95, 3.94, 4.39, 0.98, 3.35, 4.92, 3.94]
NF1 controls-state-change-of PRKCQ	2	1.5	3.5	0.16000000000000014	2.79	[2.0, 5.0]	[13.0, 0.0, 2.0, 2.0, 1.0, 4.0, 12.0, 14.0, 20.0]	[2.63, 2.95]	[2.23, 5.58, 2.95, 3.94, 4.39, 0.98, 3.35, 4.92, 3.94]
FGFR2 controls-state-change-of FGF3	6	6.693695209341067	8.833333333333334	1.0452870419171951	2.845	[13.0, 2.0, 2.0, 4.0, 12.0, 20.0]	[0.0, 5.0, 2.0, 1.0, 14.0]	[2.23, 2.63, 3.94, 0.98, 3.35, 3.94]	[5.58, 2.95, 2.95, 4.39, 4.92]
FGFR2 controls-state-change-of FGF4	6	6.693695209341067	8.833333333333334	1.0452870419171951	2.845	[13.0, 2.0, 2.0, 4.0, 12.0, 20.0]	[0.0, 5.0, 2.0, 1.0, 14.0]	[2.23, 2.63, 3.94, 0.98, 3.35, 3.94]	[5.58, 2.95, 2.95, 4.39, 4.92]
PRKG1 controls-state-change-of AKT1	4	4.527692569068709	9.0	1.4274627841033196	2.77	[13.0, 5.0, 4.0, 14.0]	[2.0, 0.0, 2.0, 2.0, 1.0, 12.0, 20.0]	[2.23, 2.95, 0.98, 4.92]	[2.63, 5.58, 2.95, 3.94, 4.39, 3.35, 3.94]
EGFR controls-state-change-of CTNNB1	1	0.0	1.0	0.0	4.39	[1.0]	[13.0, 2.0, 0.0, 5.0, 2.0, 2.0, 4.0, 12.0, 14.0, 20.0]	[4.39]	[2.23, 2.63, 5.58, 2.95, 2.95, 3.94, 0.98, 3.35, 4.92, 3.94]
RB1 controls-expression-of CCNE1	7	6.8957247920840965	9.142857142857142	0.8841691591775955	3.628571428571429	[13.0, 2.0, 2.0, 1.0, 12.0, 14.0, 20.0]	[0.0, 5.0, 2.0, 4.0]	[2.23, 2.63, 3.94, 4.39, 3.35, 4.92, 3.94]	[5.58, 2.95, 2.95, 0.98]
MYC controls-expression-of E2F3	1	0.0	2.0	0.0	3.94	[2.0]	[13.0, 2.0, 0.0, 5.0, 2.0, 1.0, 4.0, 12.0, 14.0, 20.0]	[3.94]	[2.23, 2.63, 5.58, 2.95, 2.95, 4.39, 0.98, 3.35, 4.92, 3.94]
POLD1 controls-state-change-of PALB2	1	0.0	2.0	0.0	2.63	[2.0]	[13.0, 0.0, 5.0, 2.0, 2.0, 1.0, 4.0, 12.0, 14.0, 20.0]	[2.63]	[2.23, 5.58, 2.95, 2.95, 3.94, 4.39, 0.98, 3.35, 4.92, 3.94]
RAF1 controls-state-change-of BRAF	1	0.0	5.0	0.0	2.95	[5.0]	[13.0, 2.0, 0.0, 2.0, 2.0, 1.0, 4.0, 12.0, 14.0, 20.0]	[2.95]	[2.23, 2.63, 5.58, 2.95, 3.94, 4.39, 0.98, 3.35, 4.92, 3.94]
NF1 controls-expression-of ERBB2	2	1.5	3.5	0.16000000000000014	2.79	[2.0, 5.0]	[13.0, 0.0, 2.0, 2.0, 1.0, 4.0, 12.0, 14.0, 20.0]	[2.63, 2.95]	[2.23, 5.58, 2.95, 3.94, 4.39, 0.98, 3.35, 4.92, 3.94]
CCND3 controls-state-change-of RUNX1	10	6.527633568147036	7.3	1.2871087755119999	3.4910000000000005	[13.0, 2.0, 0.0, 5.0, 2.0, 1.0, 4.0, 12.0, 14.0, 20.0]	[2.0]	[2.23, 2.63, 5.58, 2.95, 3.94, 4.39, 0.98, 3.35, 4.92, 3.94]	[2.95]
MYC controls-state-change-of TP53	10	6.527633568147036	7.3	1.2871087755119999	3.4910000000000005	[13.0, 2.0, 0.0, 5.0, 2.0, 1.0, 4.0, 12.0, 14.0, 20.0]	[2.0]	[2.23, 2.63, 5.58, 2.95, 3.94, 4.39, 0.98, 3.35, 4.92, 3.94]	[2.95]
VEGFA controls-state-change-of PAK1	3	4.0276819911981905	7.333333333333333	0.8138932498935117	2.0533333333333332	[13.0, 5.0, 4.0]	[2.0, 0.0, 2.0, 2.0, 1.0, 12.0, 14.0, 20.0]	[2.23, 2.95, 0.98]	[2.63, 5.58, 2.95, 3.94, 4.39, 3.35, 4.92, 3.94]
AKT1 controls-state-change-of INSR	2	0.5	0.5	0.5950000000000002	4.984999999999999	[0.0, 1.0]	[13.0, 2.0, 5.0, 2.0, 2.0, 4.0, 12.0, 14.0, 20.0]	[5.58, 4.39]	[2.23, 2.63, 2.95, 2.95, 3.94, 0.98, 3.35, 4.92, 3.94]
FOXO3 controls-expression-of CDKN1B	7	6.694499722205704	8.428571428571429	1.2690025007614347	3.3357142857142854	[13.0, 5.0, 2.0, 1.0, 4.0, 14.0, 20.0]	[2.0, 0.0, 2.0, 12.0]	[2.23, 2.95, 3.94, 4.39, 0.98, 4.92, 3.94]	[2.63, 5.58, 2.95, 3.35]
CDK4 controls-state-change-of HIST1H3B	1	0.0	5.0	0.0	2.95	[5.0]	[13.0, 2.0, 0.0, 2.0, 2.0, 1.0, 4.0, 12.0, 14.0, 20.0]	[2.95]	[2.23, 2.63, 5.58, 2.95, 3.94, 4.39, 0.98, 3.35, 4.92, 3.94]
PTEN controls-expression-of CCND1	1	0.0	2.0	0.0	2.95	[2.0]	[13.0, 2.0, 0.0, 5.0, 2.0, 1.0, 4.0, 12.0, 14.0, 20.0]	[2.95]	[2.23, 2.63, 5.58, 2.95, 3.94, 4.39, 0.98, 3.35, 4.92, 3.94]
FBXW7 controls-expression-of RICTOR	1	0.0	4.0	0.0	0.98	[4.0]	[13.0, 2.0, 0.0, 5.0, 2.0, 2.0, 1.0, 12.0, 14.0, 20.0]	[0.98]	[2.23, 2.63, 5.58, 2.95, 2.95, 3.94, 4.39, 3.35, 4.92, 3.94]
CDK4 controls-state-change-of HIST1H3F	1	0.0	5.0	0.0	2.95	[5.0]	[13.0, 2.0, 0.0, 2.0, 2.0, 1.0, 4.0, 12.0, 14.0, 20.0]	[2.95]	[2.23, 2.63, 5.58, 2.95, 3.94, 4.39, 0.98, 3.35, 4.92, 3.94]
ERBB2 controls-state-change-of CDH1	2	6.0	8.0	0.9849999999999999	3.935	[2.0, 14.0]	[13.0, 2.0, 0.0, 5.0, 2.0, 1.0, 4.0, 12.0, 20.0]	[2.95, 4.92]	[2.23, 2.63, 5.58, 2.95, 3.94, 4.39, 0.98, 3.35, 3.94]
MYC controls-expression-of VEGFA	3	4.0276819911981905	7.333333333333333	0.8138932498935117	2.0533333333333332	[13.0, 5.0, 4.0]	[2.0, 0.0, 2.0, 2.0, 1.0, 12.0, 14.0, 20.0]	[2.23, 2.95, 0.98]	[2.63, 5.58, 2.95, 3.94, 4.39, 3.35, 4.92, 3.94]
PAK1 controls-state-change-of TP53	10	6.28410693734599	6.1	1.2012093905726844	3.2940000000000005	[13.0, 2.0, 0.0, 5.0, 2.0, 2.0, 1.0, 4.0, 12.0, 20.0]	[14.0]	[2.23, 2.63, 5.58, 2.95, 2.95, 3.94, 4.39, 0.98, 3.35, 3.94]	[4.92]
MYC controls-expression-of CCNE1	7	6.8957247920840965	9.142857142857142	0.8841691591775955	3.628571428571429	[13.0, 2.0, 2.0, 1.0, 12.0, 14.0, 20.0]	[0.0, 5.0, 2.0, 4.0]	[2.23, 2.63, 3.94, 4.39, 3.35, 4.92, 3.94]	[5.58, 2.95, 2.95, 0.98]
CTNNB1 controls-state-change-of PIK3CA	1	0.0	1.0	0.0	4.39	[1.0]	[13.0, 2.0, 0.0, 5.0, 2.0, 2.0, 4.0, 12.0, 14.0, 20.0]	[4.39]	[2.23, 2.63, 5.58, 2.95, 2.95, 3.94, 0.98, 3.35, 4.92, 3.94]
BARD1 controls-state-change-of TP53	1	0.0	0.0	0.0	5.58	[0.0]	[13.0, 2.0, 5.0, 2.0, 2.0, 1.0, 4.0, 12.0, 14.0, 20.0]	[5.58]	[2.23, 2.63, 2.95, 2.95, 3.94, 4.39, 0.98, 3.35, 4.92, 3.94]
VEGFA controls-state-change-of RAF1	1	0.0	5.0	0.0	2.95	[5.0]	[13.0, 2.0, 0.0, 2.0, 2.0, 1.0, 4.0, 12.0, 14.0, 20.0]	[2.95]	[2.23, 2.63, 5.58, 2.95, 3.94, 4.39, 0.98, 3.35, 4.92, 3.94]
ERBB2 controls-state-change-of FGF3	1	0.0	2.0	0.0	2.95	[2.0]	[13.0, 2.0, 0.0, 5.0, 2.0, 1.0, 4.0, 12.0, 14.0, 20.0]	[2.95]	[2.23, 2.63, 5.58, 2.95, 3.94, 4.39, 0.98, 3.35, 4.92, 3.94]
ERBB2 controls-state-change-of FGF4	1	0.0	2.0	0.0	2.95	[2.0]	[13.0, 2.0, 0.0, 5.0, 2.0, 1.0, 4.0, 12.0, 14.0, 20.0]	[2.95]	[2.23, 2.63, 5.58, 2.95, 3.94, 4.39, 0.98, 3.35, 4.92, 3.94]
CDKN2A controls-state-change-of MDM2	6	7.26674311886388	8.833333333333334	1.5900838552311218	3.3800000000000003	[13.0, 2.0, 0.0, 4.0, 14.0, 20.0]	[5.0, 2.0, 2.0, 1.0, 12.0]	[2.23, 2.63, 5.58, 0.98, 4.92, 3.94]	[2.95, 2.95, 3.94, 4.39, 3.35]
PIK3CA controls-state-change-of FGF3	1	0.0	2.0	0.0	2.95	[2.0]	[13.0, 2.0, 0.0, 5.0, 2.0, 1.0, 4.0, 12.0, 14.0, 20.0]	[2.95]	[2.23, 2.63, 5.58, 2.95, 3.94, 4.39, 0.98, 3.35, 4.92, 3.94]
PIK3CA controls-state-change-of FGF4	1	0.0	2.0	0.0	2.95	[2.0]	[13.0, 2.0, 0.0, 5.0, 2.0, 1.0, 4.0, 12.0, 14.0, 20.0]	[2.95]	[2.23, 2.63, 5.58, 2.95, 3.94, 4.39, 0.98, 3.35, 4.92, 3.94]
NTRK1 controls-state-change-of RIT1	6	4.496912521077347	6.333333333333333	0.9313431161500041	2.68	[13.0, 2.0, 5.0, 2.0, 4.0, 12.0]	[0.0, 2.0, 1.0, 14.0, 20.0]	[2.23, 2.63, 2.95, 3.94, 0.98, 3.35]	[5.58, 2.95, 4.39, 4.92, 3.94]
CD79B controls-state-change-of PRKCQ	1	0.0	1.0	0.0	4.39	[1.0]	[13.0, 2.0, 0.0, 5.0, 2.0, 2.0, 4.0, 12.0, 14.0, 20.0]	[4.39]	[2.23, 2.63, 5.58, 2.95, 2.95, 3.94, 0.98, 3.35, 4.92, 3.94]
CEBPA controls-expression-of KDM6A	2	4.0	9.0	0.3600000000000001	2.59	[13.0, 5.0]	[2.0, 0.0, 2.0, 2.0, 1.0, 4.0, 12.0, 14.0, 20.0]	[2.23, 2.95]	[2.63, 5.58, 2.95, 3.94, 4.39, 0.98, 3.35, 4.92, 3.94]
STAT5A controls-expression-of RRAS	1	0.0	5.0	0.0	2.95	[5.0]	[13.0, 2.0, 0.0, 2.0, 2.0, 1.0, 4.0, 12.0, 14.0, 20.0]	[2.95]	[2.23, 2.63, 5.58, 2.95, 3.94, 4.39, 0.98, 3.35, 4.92, 3.94]
CDKN2A controls-state-change-of RB1	9	6.384781288248286	8.11111111111111	1.1410369985669901	3.258888888888889	[13.0, 2.0, 5.0, 2.0, 1.0, 4.0, 12.0, 14.0, 20.0]	[0.0, 2.0]	[2.23, 2.63, 2.95, 3.94, 4.39, 0.98, 3.35, 4.92, 3.94]	[5.58, 2.95]
CDH1 controls-state-change-of SRC	1	0.0	5.0	0.0	2.95	[5.0]	[13.0, 2.0, 0.0, 2.0, 2.0, 1.0, 4.0, 12.0, 14.0, 20.0]	[2.95]	[2.23, 2.63, 5.58, 2.95, 3.94, 4.39, 0.98, 3.35, 4.92, 3.94]
RB1 controls-expression-of MYC	9	6.384781288248286	8.11111111111111	1.1410369985669901	3.258888888888889	[13.0, 2.0, 5.0, 2.0, 1.0, 4.0, 12.0, 14.0, 20.0]	[0.0, 2.0]	[2.23, 2.63, 2.95, 3.94, 4.39, 0.98, 3.35, 4.92, 3.94]	[5.58, 2.95]
TP53 controls-expression-of MAP3K13	1	0.0	0.0	0.0	5.58	[0.0]	[13.0, 2.0, 5.0, 2.0, 2.0, 1.0, 4.0, 12.0, 14.0, 20.0]	[5.58]	[2.23, 2.63, 2.95, 2.95, 3.94, 4.39, 0.98, 3.35, 4.92, 3.94]
AKT2 controls-state-change-of CTNNB1	1	0.0	1.0	0.0	4.39	[1.0]	[13.0, 2.0, 0.0, 5.0, 2.0, 2.0, 4.0, 12.0, 14.0, 20.0]	[4.39]	[2.23, 2.63, 5.58, 2.95, 2.95, 3.94, 0.98, 3.35, 4.92, 3.94]
MDM2 controls-state-change-of TP53	6	7.26674311886388	8.833333333333334	1.5900838552311218	3.3800000000000003	[13.0, 2.0, 0.0, 4.0, 14.0, 20.0]	[5.0, 2.0, 2.0, 1.0, 12.0]	[2.23, 2.63, 5.58, 0.98, 4.92, 3.94]	[2.95, 2.95, 3.94, 4.39, 3.35]
GH1 controls-state-change-of TP53	1	0.0	2.0	0.0	2.95	[2.0]	[13.0, 2.0, 0.0, 5.0, 2.0, 1.0, 4.0, 12.0, 14.0, 20.0]	[2.95]	[2.23, 2.63, 5.58, 2.95, 3.94, 4.39, 0.98, 3.35, 4.92, 3.94]
CD79B controls-state-change-of PRKCE	1	0.0	20.0	0.0	3.94	[20.0]	[13.0, 2.0, 0.0, 5.0, 2.0, 2.0, 1.0, 4.0, 12.0, 14.0]	[3.94]	[2.23, 2.63, 5.58, 2.95, 2.95, 3.94, 4.39, 0.98, 3.35, 4.92]
AKT1 controls-state-change-of CHEK2	4	4.527692569068709	9.0	1.4274627841033196	2.77	[13.0, 5.0, 4.0, 14.0]	[2.0, 0.0, 2.0, 2.0, 1.0, 12.0, 20.0]	[2.23, 2.95, 0.98, 4.92]	[2.63, 5.58, 2.95, 3.94, 4.39, 3.35, 3.94]
SRC controls-state-change-of IGF1R	1	0.0	5.0	0.0	2.95	[5.0]	[13.0, 2.0, 0.0, 2.0, 2.0, 1.0, 4.0, 12.0, 14.0, 20.0]	[2.95]	[2.23, 2.63, 5.58, 2.95, 3.94, 4.39, 0.98, 3.35, 4.92, 3.94]
JAK2 controls-state-change-of BRAF	9	6.623937138128391	7.888888888888889	1.322573249389235	3.586666666666667	[13.0, 0.0, 5.0, 2.0, 1.0, 4.0, 12.0, 14.0, 20.0]	[2.0, 2.0]	[2.23, 5.58, 2.95, 3.94, 4.39, 0.98, 3.35, 4.92, 3.94]	[2.63, 2.95]
BRCA1 controls-expression-of MYC	1	0.0	12.0	0.0	3.35	[12.0]	[13.0, 2.0, 0.0, 5.0, 2.0, 2.0, 1.0, 4.0, 14.0, 20.0]	[3.35]	[2.23, 2.63, 5.58, 2.95, 2.95, 3.94, 4.39, 0.98, 4.92, 3.94]
ERBB2 controls-state-change-of JAK2	10	6.527633568147036	7.3	1.2871087755119999	3.4910000000000005	[13.0, 2.0, 0.0, 5.0, 2.0, 1.0, 4.0, 12.0, 14.0, 20.0]	[2.0]	[2.23, 2.63, 5.58, 2.95, 3.94, 4.39, 0.98, 3.35, 4.92, 3.94]	[2.95]
CDH1 controls-state-change-of IGF1R	1	0.0	5.0	0.0	2.95	[5.0]	[13.0, 2.0, 0.0, 2.0, 2.0, 1.0, 4.0, 12.0, 14.0, 20.0]	[2.95]	[2.23, 2.63, 5.58, 2.95, 3.94, 4.39, 0.98, 3.35, 4.92, 3.94]
FGFR1 controls-state-change-of FGF19	2	0.5	0.5	0.5950000000000002	4.984999999999999	[0.0, 1.0]	[13.0, 2.0, 5.0, 2.0, 2.0, 4.0, 12.0, 14.0, 20.0]	[5.58, 4.39]	[2.23, 2.63, 2.95, 2.95, 3.94, 0.98, 3.35, 4.92, 3.94]
TP53 controls-state-change-of VEGFA	3	4.0276819911981905	7.333333333333333	0.8138932498935117	2.0533333333333332	[13.0, 5.0, 4.0]	[2.0, 0.0, 2.0, 2.0, 1.0, 12.0, 14.0, 20.0]	[2.23, 2.95, 0.98]	[2.63, 5.58, 2.95, 3.94, 4.39, 3.35, 4.92, 3.94]
PRKCQ controls-state-change-of BRAF	9	6.623937138128391	7.888888888888889	1.322573249389235	3.586666666666667	[13.0, 0.0, 5.0, 2.0, 1.0, 4.0, 12.0, 14.0, 20.0]	[2.0, 2.0]	[2.23, 5.58, 2.95, 3.94, 4.39, 0.98, 3.35, 4.92, 3.94]	[2.63, 2.95]
PIK3CA controls-expression-of FOXO3	9	6.623937138128391	7.888888888888889	1.322573249389235	3.586666666666667	[13.0, 0.0, 5.0, 2.0, 1.0, 4.0, 12.0, 14.0, 20.0]	[2.0, 2.0]	[2.23, 5.58, 2.95, 3.94, 4.39, 0.98, 3.35, 4.92, 3.94]	[2.63, 2.95]
RAF1 controls-state-change-of AKT2	1	0.0	5.0	0.0	2.95	[5.0]	[13.0, 2.0, 0.0, 2.0, 2.0, 1.0, 4.0, 12.0, 14.0, 20.0]	[2.95]	[2.23, 2.63, 5.58, 2.95, 3.94, 4.39, 0.98, 3.35, 4.92, 3.94]
AURKA controls-state-change-of AKT1	2	0.5	0.5	0.5950000000000002	4.984999999999999	[0.0, 1.0]	[13.0, 2.0, 5.0, 2.0, 2.0, 4.0, 12.0, 14.0, 20.0]	[5.58, 4.39]	[2.23, 2.63, 2.95, 2.95, 3.94, 0.98, 3.35, 4.92, 3.94]
STAT5B controls-expression-of CDK6	1	0.0	5.0	0.0	2.95	[5.0]	[13.0, 2.0, 0.0, 2.0, 2.0, 1.0, 4.0, 12.0, 14.0, 20.0]	[2.95]	[2.23, 2.63, 5.58, 2.95, 3.94, 4.39, 0.98, 3.35, 4.92, 3.94]
ATR controls-state-change-of BRCA1	6	6.649979114420001	7.666666666666667	1.0234812596666774	2.7783333333333338	[13.0, 2.0, 5.0, 2.0, 4.0, 20.0]	[0.0, 2.0, 1.0, 12.0, 14.0]	[2.23, 2.63, 2.95, 3.94, 0.98, 3.94]	[5.58, 2.95, 4.39, 3.35, 4.92]
CREBBP controls-expression-of TERT	1	0.0	5.0	0.0	2.95	[5.0]	[13.0, 2.0, 0.0, 2.0, 2.0, 1.0, 4.0, 12.0, 14.0, 20.0]	[2.95]	[2.23, 2.63, 5.58, 2.95, 3.94, 4.39, 0.98, 3.35, 4.92, 3.94]
JAK2 controls-state-change-of PIK3CA	10	6.527633568147036	7.3	1.2871087755119999	3.4910000000000005	[13.0, 2.0, 0.0, 5.0, 2.0, 1.0, 4.0, 12.0, 14.0, 20.0]	[2.0]	[2.23, 2.63, 5.58, 2.95, 3.94, 4.39, 0.98, 3.35, 4.92, 3.94]	[2.95]
CEBPA controls-expression-of ATRX	1	0.0	12.0	0.0	3.35	[12.0]	[13.0, 2.0, 0.0, 5.0, 2.0, 2.0, 1.0, 4.0, 14.0, 20.0]	[3.35]	[2.23, 2.63, 5.58, 2.95, 2.95, 3.94, 4.39, 0.98, 4.92, 3.94]
PIK3CA controls-state-change-of EGFR	10	6.527633568147036	7.3	1.2871087755119999	3.4910000000000005	[13.0, 2.0, 0.0, 5.0, 2.0, 1.0, 4.0, 12.0, 14.0, 20.0]	[2.0]	[2.23, 2.63, 5.58, 2.95, 3.94, 4.39, 0.98, 3.35, 4.92, 3.94]	[2.95]
NF1 controls-expression-of AXIN2	1	0.0	2.0	0.0	2.63	[2.0]	[13.0, 0.0, 5.0, 2.0, 2.0, 1.0, 4.0, 12.0, 14.0, 20.0]	[2.63]	[2.23, 5.58, 2.95, 2.95, 3.94, 4.39, 0.98, 3.35, 4.92, 3.94]
SRC controls-state-change-of RRAS	1	0.0	5.0	0.0	2.95	[5.0]	[13.0, 2.0, 0.0, 2.0, 2.0, 1.0, 4.0, 12.0, 14.0, 20.0]	[2.95]	[2.23, 2.63, 5.58, 2.95, 3.94, 4.39, 0.98, 3.35, 4.92, 3.94]
STAT5A controls-state-change-of RRAS	1	0.0	5.0	0.0	2.95	[5.0]	[13.0, 2.0, 0.0, 2.0, 2.0, 1.0, 4.0, 12.0, 14.0, 20.0]	[2.95]	[2.23, 2.63, 5.58, 2.95, 3.94, 4.39, 0.98, 3.35, 4.92, 3.94]
FBXW7 controls-state-change-of CCNE1	1	0.0	14.0	0.0	4.92	[14.0]	[13.0, 2.0, 0.0, 5.0, 2.0, 2.0, 1.0, 4.0, 12.0, 20.0]	[4.92]	[2.23, 2.63, 5.58, 2.95, 2.95, 3.94, 4.39, 0.98, 3.35, 3.94]
GATA3 controls-expression-of ERBB2	2	0.0	2.0	0.16000000000000014	2.79	[2.0, 2.0]	[13.0, 0.0, 5.0, 2.0, 1.0, 4.0, 12.0, 14.0, 20.0]	[2.63, 2.95]	[2.23, 5.58, 2.95, 3.94, 4.39, 0.98, 3.35, 4.92, 3.94]
PRKCQ controls-state-change-of KRAS	10	6.527633568147036	7.3	1.2871087755119999	3.4910000000000005	[13.0, 2.0, 0.0, 5.0, 2.0, 1.0, 4.0, 12.0, 14.0, 20.0]	[2.0]	[2.23, 2.63, 5.58, 2.95, 3.94, 4.39, 0.98, 3.35, 4.92, 3.94]	[2.95]
TP53 controls-state-change-of PIK3CA	11	6.407640067893126	6.818181818181818	1.2370258921507018	3.441818181818182	[13.0, 2.0, 0.0, 5.0, 2.0, 2.0, 1.0, 4.0, 12.0, 14.0, 20.0]	[]	[2.23, 2.63, 5.58, 2.95, 2.95, 3.94, 4.39, 0.98, 3.35, 4.92, 3.94]	[]
AKT2 controls-state-change-of BRAF	10	6.527633568147036	7.3	1.2691575946272393	3.5230000000000006	[13.0, 0.0, 5.0, 2.0, 2.0, 1.0, 4.0, 12.0, 14.0, 20.0]	[2.0]	[2.23, 5.58, 2.95, 2.95, 3.94, 4.39, 0.98, 3.35, 4.92, 3.94]	[2.63]
FGFR2 controls-state-change-of AKT1	4	4.527692569068709	9.0	1.4274627841033196	2.77	[13.0, 5.0, 4.0, 14.0]	[2.0, 0.0, 2.0, 2.0, 1.0, 12.0, 20.0]	[2.23, 2.95, 0.98, 4.92]	[2.63, 5.58, 2.95, 3.94, 4.39, 3.35, 3.94]
CEBPA controls-expression-of DDR2	7	6.340668863192042	8.285714285714286	0.9684449980694383	2.8600000000000003	[13.0, 2.0, 5.0, 2.0, 4.0, 12.0, 20.0]	[0.0, 2.0, 1.0, 14.0]	[2.23, 2.63, 2.95, 3.94, 0.98, 3.35, 3.94]	[5.58, 2.95, 4.39, 4.92]
STAT5B controls-expression-of CDH1	1	0.0	5.0	0.0	2.95	[5.0]	[13.0, 2.0, 0.0, 2.0, 2.0, 1.0, 4.0, 12.0, 14.0, 20.0]	[2.95]	[2.23, 2.63, 5.58, 2.95, 3.94, 4.39, 0.98, 3.35, 4.92, 3.94]
JAK2 controls-state-change-of CDKN1B	8	6.613197033205649	7.625	1.2097701227919295	3.2475	[13.0, 2.0, 5.0, 2.0, 1.0, 4.0, 14.0, 20.0]	[0.0, 2.0, 12.0]	[2.23, 2.63, 2.95, 3.94, 4.39, 0.98, 4.92, 3.94]	[5.58, 2.95, 3.35]
AKT1 controls-expression-of VEGFA	1	0.0	14.0	0.0	4.92	[14.0]	[13.0, 2.0, 0.0, 5.0, 2.0, 2.0, 1.0, 4.0, 12.0, 20.0]	[4.92]	[2.23, 2.63, 5.58, 2.95, 2.95, 3.94, 4.39, 0.98, 3.35, 3.94]
CREBBP controls-expression-of KIT	8	6.224949798994366	9.0	1.1334874282496477	3.1175	[13.0, 2.0, 5.0, 2.0, 4.0, 12.0, 14.0, 20.0]	[0.0, 2.0, 1.0]	[2.23, 2.63, 2.95, 3.94, 0.98, 3.35, 4.92, 3.94]	[5.58, 2.95, 4.39]
MDC1 controls-state-change-of CHEK2	8	6.224949798994366	9.0	1.1334874282496477	3.1175	[13.0, 2.0, 5.0, 2.0, 4.0, 12.0, 14.0, 20.0]	[0.0, 2.0, 1.0]	[2.23, 2.63, 2.95, 3.94, 0.98, 3.35, 4.92, 3.94]	[5.58, 2.95, 4.39]
CDH1 controls-state-change-of EGFR	1	0.0	14.0	0.0	4.92	[14.0]	[13.0, 2.0, 0.0, 5.0, 2.0, 2.0, 1.0, 4.0, 12.0, 20.0]	[4.92]	[2.23, 2.63, 5.58, 2.95, 2.95, 3.94, 4.39, 0.98, 3.35, 3.94]
PIK3CA controls-state-change-of PRKCQ	10	6.527633568147036	7.3	1.2871087755119999	3.4910000000000005	[13.0, 2.0, 0.0, 5.0, 2.0, 1.0, 4.0, 12.0, 14.0, 20.0]	[2.0]	[2.23, 2.63, 5.58, 2.95, 3.94, 4.39, 0.98, 3.35, 4.92, 3.94]	[2.95]
KDR controls-state-change-of STAT5A	1	0.0	5.0	0.0	2.95	[5.0]	[13.0, 2.0, 0.0, 2.0, 2.0, 1.0, 4.0, 12.0, 14.0, 20.0]	[2.95]	[2.23, 2.63, 5.58, 2.95, 3.94, 4.39, 0.98, 3.35, 4.92, 3.94]
KDR controls-state-change-of STAT5B	1	0.0	5.0	0.0	2.95	[5.0]	[13.0, 2.0, 0.0, 2.0, 2.0, 1.0, 4.0, 12.0, 14.0, 20.0]	[2.95]	[2.23, 2.63, 5.58, 2.95, 3.94, 4.39, 0.98, 3.35, 4.92, 3.94]
FOXO3 controls-expression-of BRAF	9	6.623937138128391	7.888888888888889	1.322573249389235	3.586666666666667	[13.0, 0.0, 5.0, 2.0, 1.0, 4.0, 12.0, 14.0, 20.0]	[2.0, 2.0]	[2.23, 5.58, 2.95, 3.94, 4.39, 0.98, 3.35, 4.92, 3.94]	[2.63, 2.95]
VEGFA controls-state-change-of WT1	4	7.54983443527075	9.0	0.5389109388386917	3.465	[2.0, 2.0, 12.0, 20.0]	[13.0, 0.0, 5.0, 2.0, 1.0, 4.0, 14.0]	[2.63, 3.94, 3.35, 3.94]	[2.23, 5.58, 2.95, 2.95, 4.39, 0.98, 4.92]
PRKDC controls-state-change-of AKT1	3	4.714045207910317	5.333333333333333	0.5356823270890646	3.3066666666666666	[2.0, 2.0, 12.0]	[13.0, 0.0, 5.0, 2.0, 1.0, 4.0, 14.0, 20.0]	[2.63, 3.94, 3.35]	[2.23, 5.58, 2.95, 2.95, 4.39, 0.98, 4.92, 3.94]
FGFR1 controls-state-change-of FGF3	2	0.5	0.5	0.5950000000000002	4.984999999999999	[0.0, 1.0]	[13.0, 2.0, 5.0, 2.0, 2.0, 4.0, 12.0, 14.0, 20.0]	[5.58, 4.39]	[2.23, 2.63, 2.95, 2.95, 3.94, 0.98, 3.35, 4.92, 3.94]
FGFR1 controls-state-change-of FGF4	2	0.5	0.5	0.5950000000000002	4.984999999999999	[0.0, 1.0]	[13.0, 2.0, 5.0, 2.0, 2.0, 4.0, 12.0, 14.0, 20.0]	[5.58, 4.39]	[2.23, 2.63, 2.95, 2.95, 3.94, 0.98, 3.35, 4.92, 3.94]
CCND3 controls-state-change-of E2F3	1	0.0	2.0	0.0	3.94	[2.0]	[13.0, 2.0, 0.0, 5.0, 2.0, 1.0, 4.0, 12.0, 14.0, 20.0]	[3.94]	[2.23, 2.63, 5.58, 2.95, 2.95, 4.39, 0.98, 3.35, 4.92, 3.94]
FGF19 controls-state-change-of FGFR2	6	6.693695209341067	8.833333333333334	1.0452870419171951	2.845	[13.0, 2.0, 2.0, 4.0, 12.0, 20.0]	[0.0, 5.0, 2.0, 1.0, 14.0]	[2.23, 2.63, 3.94, 0.98, 3.35, 3.94]	[5.58, 2.95, 2.95, 4.39, 4.92]
FGF19 controls-state-change-of FGFR1	2	0.5	0.5	0.5950000000000002	4.984999999999999	[0.0, 1.0]	[13.0, 2.0, 5.0, 2.0, 2.0, 4.0, 12.0, 14.0, 20.0]	[5.58, 4.39]	[2.23, 2.63, 2.95, 2.95, 3.94, 0.98, 3.35, 4.92, 3.94]
TP53 controls-state-change-of GH1	1	0.0	2.0	0.0	2.95	[2.0]	[13.0, 2.0, 0.0, 5.0, 2.0, 1.0, 4.0, 12.0, 14.0, 20.0]	[2.95]	[2.23, 2.63, 5.58, 2.95, 3.94, 4.39, 0.98, 3.35, 4.92, 3.94]
SRC controls-state-change-of DDR2	1	0.0	5.0	0.0	2.95	[5.0]	[13.0, 2.0, 0.0, 2.0, 2.0, 1.0, 4.0, 12.0, 14.0, 20.0]	[2.95]	[2.23, 2.63, 5.58, 2.95, 3.94, 4.39, 0.98, 3.35, 4.92, 3.94]
PIK3CB controls-state-change-of PRKCI	1	0.0	5.0	0.0	2.95	[5.0]	[13.0, 2.0, 0.0, 2.0, 2.0, 1.0, 4.0, 12.0, 14.0, 20.0]	[2.95]	[2.23, 2.63, 5.58, 2.95, 3.94, 4.39, 0.98, 3.35, 4.92, 3.94]
NF1 controls-expression-of RUNX1	2	1.5	3.5	0.16000000000000014	2.79	[2.0, 5.0]	[13.0, 0.0, 2.0, 2.0, 1.0, 4.0, 12.0, 14.0, 20.0]	[2.63, 2.95]	[2.23, 5.58, 2.95, 3.94, 4.39, 0.98, 3.35, 4.92, 3.94]
VEGFA controls-state-change-of PDGFRA	5	7.042726744663604	10.0	0.7556877662103576	3.7560000000000002	[2.0, 2.0, 12.0, 14.0, 20.0]	[13.0, 0.0, 5.0, 2.0, 1.0, 4.0]	[2.63, 3.94, 3.35, 4.92, 3.94]	[2.23, 5.58, 2.95, 2.95, 4.39, 0.98]
FOXA1 controls-expression-of AKT2	1	0.0	2.0	0.0	2.95	[2.0]	[13.0, 2.0, 0.0, 5.0, 2.0, 1.0, 4.0, 12.0, 14.0, 20.0]	[2.95]	[2.23, 2.63, 5.58, 2.95, 3.94, 4.39, 0.98, 3.35, 4.92, 3.94]
FGF3 controls-state-change-of FGF4	9	6.612744896162893	6.222222222222222	1.2604036194610906	3.3322222222222226	[13.0, 2.0, 0.0, 2.0, 2.0, 1.0, 4.0, 12.0, 20.0]	[5.0, 14.0]	[2.23, 2.63, 5.58, 2.95, 3.94, 4.39, 0.98, 3.35, 3.94]	[2.95, 4.92]
CDK6 controls-state-change-of STAT5B	1	0.0	5.0	0.0	2.95	[5.0]	[13.0, 2.0, 0.0, 2.0, 2.0, 1.0, 4.0, 12.0, 14.0, 20.0]	[2.95]	[2.23, 2.63, 5.58, 2.95, 3.94, 4.39, 0.98, 3.35, 4.92, 3.94]
AXL controls-state-change-of CD79B	1	0.0	1.0	0.0	4.39	[1.0]	[13.0, 2.0, 0.0, 5.0, 2.0, 2.0, 4.0, 12.0, 14.0, 20.0]	[4.39]	[2.23, 2.63, 5.58, 2.95, 2.95, 3.94, 0.98, 3.35, 4.92, 3.94]
NTRK1 controls-state-change-of STAT5A	1	0.0	5.0	0.0	2.95	[5.0]	[13.0, 2.0, 0.0, 2.0, 2.0, 1.0, 4.0, 12.0, 14.0, 20.0]	[2.95]	[2.23, 2.63, 5.58, 2.95, 3.94, 4.39, 0.98, 3.35, 4.92, 3.94]
FGF4 controls-state-change-of AKT2	1	0.0	2.0	0.0	2.95	[2.0]	[13.0, 2.0, 0.0, 5.0, 2.0, 1.0, 4.0, 12.0, 14.0, 20.0]	[2.95]	[2.23, 2.63, 5.58, 2.95, 3.94, 4.39, 0.98, 3.35, 4.92, 3.94]
AKT1 controls-state-change-of MDM4	3	9.201449161228174	7.0	0.6918734630616273	4.636666666666666	[0.0, 1.0, 20.0]	[13.0, 2.0, 5.0, 2.0, 2.0, 4.0, 12.0, 14.0]	[5.58, 4.39, 3.94]	[2.23, 2.63, 2.95, 2.95, 3.94, 0.98, 3.35, 4.92]
JAK2 controls-state-change-of AKT2	10	6.527633568147036	7.3	1.2871087755119999	3.4910000000000005	[13.0, 2.0, 0.0, 5.0, 2.0, 1.0, 4.0, 12.0, 14.0, 20.0]	[2.0]	[2.23, 2.63, 5.58, 2.95, 3.94, 4.39, 0.98, 3.35, 4.92, 3.94]	[2.95]
FGF4 controls-state-change-of AKT1	4	5.123475382979799	4.5	1.796781845411401	3.295	[13.0, 0.0, 1.0, 4.0]	[2.0, 5.0, 2.0, 2.0, 12.0, 14.0, 20.0]	[2.23, 5.58, 4.39, 0.98]	[2.63, 2.95, 2.95, 3.94, 3.35, 4.92, 3.94]
NTRK1 controls-state-change-of STAT5B	1	0.0	5.0	0.0	2.95	[5.0]	[13.0, 2.0, 0.0, 2.0, 2.0, 1.0, 4.0, 12.0, 14.0, 20.0]	[2.95]	[2.23, 2.63, 5.58, 2.95, 3.94, 4.39, 0.98, 3.35, 4.92, 3.94]
CDK6 controls-state-change-of STAT5A	1	0.0	5.0	0.0	2.95	[5.0]	[13.0, 2.0, 0.0, 2.0, 2.0, 1.0, 4.0, 12.0, 14.0, 20.0]	[2.95]	[2.23, 2.63, 5.58, 2.95, 3.94, 4.39, 0.98, 3.35, 4.92, 3.94]
PRKAR1A controls-state-change-of STAT5A	1	0.0	5.0	0.0	2.95	[5.0]	[13.0, 2.0, 0.0, 2.0, 2.0, 1.0, 4.0, 12.0, 14.0, 20.0]	[2.95]	[2.23, 2.63, 5.58, 2.95, 3.94, 4.39, 0.98, 3.35, 4.92, 3.94]
BRAF controls-state-change-of AKT2	10	6.527633568147036	7.3	1.2691575946272393	3.5230000000000006	[13.0, 0.0, 5.0, 2.0, 2.0, 1.0, 4.0, 12.0, 14.0, 20.0]	[2.0]	[2.23, 5.58, 2.95, 2.95, 3.94, 4.39, 0.98, 3.35, 4.92, 3.94]	[2.63]
PRKAR1A controls-state-change-of STAT5B	1	0.0	5.0	0.0	2.95	[5.0]	[13.0, 2.0, 0.0, 2.0, 2.0, 1.0, 4.0, 12.0, 14.0, 20.0]	[2.95]	[2.23, 2.63, 5.58, 2.95, 3.94, 4.39, 0.98, 3.35, 4.92, 3.94]
AKT1 controls-state-change-of BRCA1	3	8.48528137423857	8.0	0.6175399222362515	3.5033333333333334	[2.0, 2.0, 20.0]	[13.0, 0.0, 5.0, 2.0, 1.0, 4.0, 12.0, 14.0]	[2.63, 3.94, 3.94]	[2.23, 5.58, 2.95, 2.95, 4.39, 0.98, 3.35, 4.92]
NF1 controls-expression-of MTAP	1	0.0	2.0	0.0	2.63	[2.0]	[13.0, 0.0, 5.0, 2.0, 2.0, 1.0, 4.0, 12.0, 14.0, 20.0]	[2.63]	[2.23, 5.58, 2.95, 2.95, 3.94, 4.39, 0.98, 3.35, 4.92, 3.94]
PIK3CA controls-state-change-of CD79B	2	0.5	1.5	0.7199999999999998	3.67	[2.0, 1.0]	[13.0, 2.0, 0.0, 5.0, 2.0, 4.0, 12.0, 14.0, 20.0]	[2.95, 4.39]	[2.23, 2.63, 5.58, 2.95, 3.94, 0.98, 3.35, 4.92, 3.94]
PIK3R1 controls-state-change-of TP53	1	0.0	20.0	0.0	3.94	[20.0]	[13.0, 2.0, 0.0, 5.0, 2.0, 2.0, 1.0, 4.0, 12.0, 14.0]	[3.94]	[2.23, 2.63, 5.58, 2.95, 2.95, 3.94, 4.39, 0.98, 3.35, 4.92]
RUNX1 controls-expression-of INPPL1	2	1.0	1.0	1.315	4.265000000000001	[0.0, 2.0]	[13.0, 2.0, 5.0, 2.0, 1.0, 4.0, 12.0, 14.0, 20.0]	[5.58, 2.95]	[2.23, 2.63, 2.95, 3.94, 4.39, 0.98, 3.35, 4.92, 3.94]
CTNNB1 controls-state-change-of EGFR	1	0.0	1.0	0.0	4.39	[1.0]	[13.0, 2.0, 0.0, 5.0, 2.0, 2.0, 4.0, 12.0, 14.0, 20.0]	[4.39]	[2.23, 2.63, 5.58, 2.95, 2.95, 3.94, 0.98, 3.35, 4.92, 3.94]
PRKCQ controls-state-change-of AKT2	10	6.527633568147036	7.3	1.2871087755119999	3.4910000000000005	[13.0, 2.0, 0.0, 5.0, 2.0, 1.0, 4.0, 12.0, 14.0, 20.0]	[2.0]	[2.23, 2.63, 5.58, 2.95, 3.94, 4.39, 0.98, 3.35, 4.92, 3.94]	[2.95]
MYB controls-expression-of KIT	8	6.224949798994366	9.0	1.1334874282496477	3.1175	[13.0, 2.0, 5.0, 2.0, 4.0, 12.0, 14.0, 20.0]	[0.0, 2.0, 1.0]	[2.23, 2.63, 2.95, 3.94, 0.98, 3.35, 4.92, 3.94]	[5.58, 2.95, 4.39]
FGF19 controls-state-change-of CD79B	2	9.0	11.0	0.4949999999999999	3.4450000000000003	[2.0, 20.0]	[13.0, 2.0, 0.0, 5.0, 2.0, 1.0, 4.0, 12.0, 14.0]	[2.95, 3.94]	[2.23, 2.63, 5.58, 2.95, 3.94, 4.39, 0.98, 3.35, 4.92]
MYC controls-state-change-of HIST1H3B	1	0.0	12.0	0.0	3.35	[12.0]	[13.0, 2.0, 0.0, 5.0, 2.0, 2.0, 1.0, 4.0, 14.0, 20.0]	[3.35]	[2.23, 2.63, 5.58, 2.95, 2.95, 3.94, 4.39, 0.98, 4.92, 3.94]
INSR controls-state-change-of AKT1	2	0.5	0.5	0.5950000000000002	4.984999999999999	[0.0, 1.0]	[13.0, 2.0, 5.0, 2.0, 2.0, 4.0, 12.0, 14.0, 20.0]	[5.58, 4.39]	[2.23, 2.63, 2.95, 2.95, 3.94, 0.98, 3.35, 4.92, 3.94]
FLT1 controls-state-change-of AKT1	3	4.714045207910317	5.333333333333333	0.5356823270890646	3.3066666666666666	[2.0, 2.0, 12.0]	[13.0, 0.0, 5.0, 2.0, 1.0, 4.0, 14.0, 20.0]	[2.63, 3.94, 3.35]	[2.23, 5.58, 2.95, 2.95, 4.39, 0.98, 4.92, 3.94]
PIK3CA controls-state-change-of AKT2	11	6.407640067893126	6.818181818181818	1.2370258921507018	3.441818181818182	[13.0, 2.0, 0.0, 5.0, 2.0, 2.0, 1.0, 4.0, 12.0, 14.0, 20.0]	[]	[2.23, 2.63, 5.58, 2.95, 2.95, 3.94, 4.39, 0.98, 3.35, 4.92, 3.94]	[]
PAK1 controls-state-change-of RAF1	1	0.0	5.0	0.0	2.95	[5.0]	[13.0, 2.0, 0.0, 2.0, 2.0, 1.0, 4.0, 12.0, 14.0, 20.0]	[2.95]	[2.23, 2.63, 5.58, 2.95, 3.94, 4.39, 0.98, 3.35, 4.92, 3.94]
MYC controls-expression-of ERBB2	10	6.527633568147036	7.3	1.2871087755119999	3.4910000000000005	[13.0, 2.0, 0.0, 5.0, 2.0, 1.0, 4.0, 12.0, 14.0, 20.0]	[2.0]	[2.23, 2.63, 5.58, 2.95, 3.94, 4.39, 0.98, 3.35, 4.92, 3.94]	[2.95]
E2F3 controls-expression-of CCNE1	1	0.0	2.0	0.0	3.94	[2.0]	[13.0, 2.0, 0.0, 5.0, 2.0, 1.0, 4.0, 12.0, 14.0, 20.0]	[3.94]	[2.23, 2.63, 5.58, 2.95, 2.95, 4.39, 0.98, 3.35, 4.92, 3.94]
RB1 controls-state-change-of HIST1H3B	1	0.0	12.0	0.0	3.35	[12.0]	[13.0, 2.0, 0.0, 5.0, 2.0, 2.0, 1.0, 4.0, 14.0, 20.0]	[3.35]	[2.23, 2.63, 5.58, 2.95, 2.95, 3.94, 4.39, 0.98, 4.92, 3.94]
RAF1 controls-expression-of RB1	1	0.0	5.0	0.0	2.95	[5.0]	[13.0, 2.0, 0.0, 2.0, 2.0, 1.0, 4.0, 12.0, 14.0, 20.0]	[2.95]	[2.23, 2.63, 5.58, 2.95, 3.94, 4.39, 0.98, 3.35, 4.92, 3.94]
FGFR2 controls-state-change-of PRKCE	8	6.224949798994366	9.0	1.1334874282496477	3.1175	[13.0, 2.0, 5.0, 2.0, 4.0, 12.0, 14.0, 20.0]	[0.0, 2.0, 1.0]	[2.23, 2.63, 2.95, 3.94, 0.98, 3.35, 4.92, 3.94]	[5.58, 2.95, 4.39]
PIK3CA controls-state-change-of PIK3R1	1	0.0	20.0	0.0	3.94	[20.0]	[13.0, 2.0, 0.0, 5.0, 2.0, 2.0, 1.0, 4.0, 12.0, 14.0]	[3.94]	[2.23, 2.63, 5.58, 2.95, 2.95, 3.94, 4.39, 0.98, 3.35, 4.92]
VEGFA controls-state-change-of TP53	3	4.0276819911981905	7.333333333333333	0.8138932498935117	2.0533333333333332	[13.0, 5.0, 4.0]	[2.0, 0.0, 2.0, 2.0, 1.0, 12.0, 14.0, 20.0]	[2.23, 2.95, 0.98]	[2.63, 5.58, 2.95, 3.94, 4.39, 3.35, 4.92, 3.94]
STAT5B controls-expression-of RARA	1	0.0	5.0	0.0	2.95	[5.0]	[13.0, 2.0, 0.0, 2.0, 2.0, 1.0, 4.0, 12.0, 14.0, 20.0]	[2.95]	[2.23, 2.63, 5.58, 2.95, 3.94, 4.39, 0.98, 3.35, 4.92, 3.94]
KIT controls-state-change-of FGF19	6	6.693695209341067	8.833333333333334	1.0452870419171951	2.845	[13.0, 2.0, 2.0, 4.0, 12.0, 20.0]	[0.0, 5.0, 2.0, 1.0, 14.0]	[2.23, 2.63, 3.94, 0.98, 3.35, 3.94]	[5.58, 2.95, 2.95, 4.39, 4.92]
KRAS controls-state-change-of BRAF	9	6.623937138128391	7.888888888888889	1.322573249389235	3.586666666666667	[13.0, 0.0, 5.0, 2.0, 1.0, 4.0, 12.0, 14.0, 20.0]	[2.0, 2.0]	[2.23, 5.58, 2.95, 3.94, 4.39, 0.98, 3.35, 4.92, 3.94]	[2.63, 2.95]
CTNNB1 controls-state-change-of MYC	1	0.0	1.0	0.0	4.39	[1.0]	[13.0, 2.0, 0.0, 5.0, 2.0, 2.0, 4.0, 12.0, 14.0, 20.0]	[4.39]	[2.23, 2.63, 5.58, 2.95, 2.95, 3.94, 0.98, 3.35, 4.92, 3.94]
CDKN2A controls-state-change-of CCND3	10	6.527633568147036	7.3	1.2871087755119999	3.4910000000000005	[13.0, 2.0, 0.0, 5.0, 2.0, 1.0, 4.0, 12.0, 14.0, 20.0]	[2.0]	[2.23, 2.63, 5.58, 2.95, 3.94, 4.39, 0.98, 3.35, 4.92, 3.94]	[2.95]
KIT controls-state-change-of FGFR2	8	6.224949798994366	9.0	1.1334874282496477	3.1175	[13.0, 2.0, 5.0, 2.0, 4.0, 12.0, 14.0, 20.0]	[0.0, 2.0, 1.0]	[2.23, 2.63, 2.95, 3.94, 0.98, 3.35, 4.92, 3.94]	[5.58, 2.95, 4.39]
FBXW7 controls-state-change-of MYC	1	0.0	14.0	0.0	4.92	[14.0]	[13.0, 2.0, 0.0, 5.0, 2.0, 2.0, 1.0, 4.0, 12.0, 20.0]	[4.92]	[2.23, 2.63, 5.58, 2.95, 2.95, 3.94, 4.39, 0.98, 3.35, 3.94]
PDGFRA controls-state-change-of AKT1	4	4.527692569068709	9.0	1.4274627841033196	2.77	[13.0, 5.0, 4.0, 14.0]	[2.0, 0.0, 2.0, 2.0, 1.0, 12.0, 20.0]	[2.23, 2.95, 0.98, 4.92]	[2.63, 5.58, 2.95, 3.94, 4.39, 3.35, 3.94]
DOT1L controls-state-change-of HIST1H3F	1	0.0	5.0	0.0	2.95	[5.0]	[13.0, 2.0, 0.0, 2.0, 2.0, 1.0, 4.0, 12.0, 14.0, 20.0]	[2.95]	[2.23, 2.63, 5.58, 2.95, 3.94, 4.39, 0.98, 3.35, 4.92, 3.94]
FANCD2 controls-expression-of MDC1	1	0.0	20.0	0.0	3.94	[20.0]	[13.0, 2.0, 0.0, 5.0, 2.0, 2.0, 1.0, 4.0, 12.0, 14.0]	[3.94]	[2.23, 2.63, 5.58, 2.95, 2.95, 3.94, 4.39, 0.98, 3.35, 4.92]
DOT1L controls-state-change-of HIST1H3B	1	0.0	5.0	0.0	2.95	[5.0]	[13.0, 2.0, 0.0, 2.0, 2.0, 1.0, 4.0, 12.0, 14.0, 20.0]	[2.95]	[2.23, 2.63, 5.58, 2.95, 3.94, 4.39, 0.98, 3.35, 4.92, 3.94]
E2F3 controls-expression-of CCND3	1	0.0	2.0	0.0	3.94	[2.0]	[13.0, 2.0, 0.0, 5.0, 2.0, 1.0, 4.0, 12.0, 14.0, 20.0]	[3.94]	[2.23, 2.63, 5.58, 2.95, 2.95, 4.39, 0.98, 3.35, 4.92, 3.94]
CDH1 controls-state-change-of PIK3CA	2	6.0	8.0	0.9849999999999999	3.935	[2.0, 14.0]	[13.0, 2.0, 0.0, 5.0, 2.0, 1.0, 4.0, 12.0, 20.0]	[2.95, 4.92]	[2.23, 2.63, 5.58, 2.95, 3.94, 4.39, 0.98, 3.35, 3.94]
JAK2 controls-state-change-of PRKCQ	10	6.527633568147036	7.3	1.2871087755119999	3.4910000000000005	[13.0, 2.0, 0.0, 5.0, 2.0, 1.0, 4.0, 12.0, 14.0, 20.0]	[2.0]	[2.23, 2.63, 5.58, 2.95, 3.94, 4.39, 0.98, 3.35, 4.92, 3.94]	[2.95]
CDK12 controls-expression-of FANCD2	7	5.303060340934453	7.142857142857143	1.4531485871467276	3.4214285714285717	[13.0, 0.0, 5.0, 2.0, 4.0, 12.0, 14.0]	[2.0, 2.0, 1.0, 20.0]	[2.23, 5.58, 2.95, 3.94, 0.98, 3.35, 4.92]	[2.63, 2.95, 4.39, 3.94]
FBXW7 controls-state-change-of NOTCH1	1	0.0	13.0	0.0	2.23	[13.0]	[2.0, 0.0, 5.0, 2.0, 2.0, 1.0, 4.0, 12.0, 14.0, 20.0]	[2.23]	[2.63, 5.58, 2.95, 2.95, 3.94, 4.39, 0.98, 3.35, 4.92, 3.94]
ERBB2 controls-state-change-of PIK3R1	1	0.0	20.0	0.0	3.94	[20.0]	[13.0, 2.0, 0.0, 5.0, 2.0, 2.0, 1.0, 4.0, 12.0, 14.0]	[3.94]	[2.23, 2.63, 5.58, 2.95, 2.95, 3.94, 4.39, 0.98, 3.35, 4.92]
E2F3 controls-expression-of CDKN2A	1	0.0	2.0	0.0	3.94	[2.0]	[13.0, 2.0, 0.0, 5.0, 2.0, 1.0, 4.0, 12.0, 14.0, 20.0]	[3.94]	[2.23, 2.63, 5.58, 2.95, 2.95, 4.39, 0.98, 3.35, 4.92, 3.94]
EGFR controls-state-change-of ERBB2	10	6.527633568147036	7.3	1.2871087755119999	3.4910000000000005	[13.0, 2.0, 0.0, 5.0, 2.0, 1.0, 4.0, 12.0, 14.0, 20.0]	[2.0]	[2.23, 2.63, 5.58, 2.95, 3.94, 4.39, 0.98, 3.35, 4.92, 3.94]	[2.95]
KRAS controls-state-change-of AKT2	10	6.527633568147036	7.3	1.2871087755119999	3.4910000000000005	[13.0, 2.0, 0.0, 5.0, 2.0, 1.0, 4.0, 12.0, 14.0, 20.0]	[2.0]	[2.23, 2.63, 5.58, 2.95, 3.94, 4.39, 0.98, 3.35, 4.92, 3.94]	[2.95]
RUNX1 controls-expression-of PIK3R1	1	0.0	20.0	0.0	3.94	[20.0]	[13.0, 2.0, 0.0, 5.0, 2.0, 2.0, 1.0, 4.0, 12.0, 14.0]	[3.94]	[2.23, 2.63, 5.58, 2.95, 2.95, 3.94, 4.39, 0.98, 3.35, 4.92]
TP53 controls-expression-of PTEN	2	5.0	7.0	0.19999999999999996	3.1500000000000004	[2.0, 12.0]	[13.0, 2.0, 0.0, 5.0, 2.0, 1.0, 4.0, 14.0, 20.0]	[2.95, 3.35]	[2.23, 2.63, 5.58, 2.95, 3.94, 4.39, 0.98, 4.92, 3.94]
BRCA1 controls-state-change-of TP53	1	0.0	12.0	0.0	3.35	[12.0]	[13.0, 2.0, 0.0, 5.0, 2.0, 2.0, 1.0, 4.0, 14.0, 20.0]	[3.35]	[2.23, 2.63, 5.58, 2.95, 2.95, 3.94, 4.39, 0.98, 4.92, 3.94]
KRAS controls-state-change-of PIK3R1	1	0.0	20.0	0.0	3.94	[20.0]	[13.0, 2.0, 0.0, 5.0, 2.0, 2.0, 1.0, 4.0, 12.0, 14.0]	[3.94]	[2.23, 2.63, 5.58, 2.95, 2.95, 3.94, 4.39, 0.98, 3.35, 4.92]
PAK1 controls-state-change-of HIST1H3B	1	0.0	12.0	0.0	3.35	[12.0]	[13.0, 2.0, 0.0, 5.0, 2.0, 2.0, 1.0, 4.0, 14.0, 20.0]	[3.35]	[2.23, 2.63, 5.58, 2.95, 2.95, 3.94, 4.39, 0.98, 4.92, 3.94]
RUNX1 controls-state-change-of HIST1H3B	1	0.0	12.0	0.0	3.35	[12.0]	[13.0, 2.0, 0.0, 5.0, 2.0, 2.0, 1.0, 4.0, 14.0, 20.0]	[3.35]	[2.23, 2.63, 5.58, 2.95, 2.95, 3.94, 4.39, 0.98, 4.92, 3.94]
JAK1 controls-state-change-of PRKCE	8	6.224949798994366	9.0	1.1334874282496477	3.1175	[13.0, 2.0, 5.0, 2.0, 4.0, 12.0, 14.0, 20.0]	[0.0, 2.0, 1.0]	[2.23, 2.63, 2.95, 3.94, 0.98, 3.35, 4.92, 3.94]	[5.58, 2.95, 4.39]
FGFR2 controls-state-change-of FGF19	6	6.693695209341067	8.833333333333334	1.0452870419171951	2.845	[13.0, 2.0, 2.0, 4.0, 12.0, 20.0]	[0.0, 5.0, 2.0, 1.0, 14.0]	[2.23, 2.63, 3.94, 0.98, 3.35, 3.94]	[5.58, 2.95, 2.95, 4.39, 4.92]
SRC controls-state-change-of PRKCI	1	0.0	5.0	0.0	2.95	[5.0]	[13.0, 2.0, 0.0, 2.0, 2.0, 1.0, 4.0, 12.0, 14.0, 20.0]	[2.95]	[2.23, 2.63, 5.58, 2.95, 3.94, 4.39, 0.98, 3.35, 4.92, 3.94]
GATA3 controls-expression-of UBR5	1	0.0	2.0	0.0	2.95	[2.0]	[13.0, 2.0, 0.0, 5.0, 2.0, 1.0, 4.0, 12.0, 14.0, 20.0]	[2.95]	[2.23, 2.63, 5.58, 2.95, 3.94, 4.39, 0.98, 3.35, 4.92, 3.94]
CDKN2A controls-state-change-of TP53	10	6.527633568147036	7.3	1.2871087755119999	3.4910000000000005	[13.0, 2.0, 0.0, 5.0, 2.0, 1.0, 4.0, 12.0, 14.0, 20.0]	[2.0]	[2.23, 2.63, 5.58, 2.95, 3.94, 4.39, 0.98, 3.35, 4.92, 3.94]	[2.95]
AKT1 controls-expression-of CCND1	4	5.123475382979799	4.5	1.796781845411401	3.295	[13.0, 0.0, 1.0, 4.0]	[2.0, 5.0, 2.0, 2.0, 12.0, 14.0, 20.0]	[2.23, 5.58, 4.39, 0.98]	[2.63, 2.95, 2.95, 3.94, 3.35, 4.92, 3.94]
SRC controls-state-change-of CDK6	1	0.0	5.0	0.0	2.95	[5.0]	[13.0, 2.0, 0.0, 2.0, 2.0, 1.0, 4.0, 12.0, 14.0, 20.0]	[2.95]	[2.23, 2.63, 5.58, 2.95, 3.94, 4.39, 0.98, 3.35, 4.92, 3.94]
CDKN2A controls-state-change-of E2F3	1	0.0	2.0	0.0	3.94	[2.0]	[13.0, 2.0, 0.0, 5.0, 2.0, 1.0, 4.0, 12.0, 14.0, 20.0]	[3.94]	[2.23, 2.63, 5.58, 2.95, 2.95, 4.39, 0.98, 3.35, 4.92, 3.94]
MYB controls-expression-of SF3B1	2	4.5	9.5	0.9849999999999999	3.935	[5.0, 14.0]	[13.0, 2.0, 0.0, 2.0, 2.0, 1.0, 4.0, 12.0, 20.0]	[2.95, 4.92]	[2.23, 2.63, 5.58, 2.95, 3.94, 4.39, 0.98, 3.35, 3.94]
FGF19 controls-state-change-of FGF4	9	6.612744896162893	6.222222222222222	1.2604036194610906	3.3322222222222226	[13.0, 2.0, 0.0, 2.0, 2.0, 1.0, 4.0, 12.0, 20.0]	[5.0, 14.0]	[2.23, 2.63, 5.58, 2.95, 3.94, 4.39, 0.98, 3.35, 3.94]	[2.95, 4.92]
CEBPA controls-expression-of AFF2	1	0.0	4.0	0.0	0.98	[4.0]	[13.0, 2.0, 0.0, 5.0, 2.0, 2.0, 1.0, 12.0, 14.0, 20.0]	[0.98]	[2.23, 2.63, 5.58, 2.95, 2.95, 3.94, 4.39, 3.35, 4.92, 3.94]
FGF19 controls-state-change-of FGF3	9	6.612744896162893	6.222222222222222	1.2604036194610906	3.3322222222222226	[13.0, 2.0, 0.0, 2.0, 2.0, 1.0, 4.0, 12.0, 20.0]	[5.0, 14.0]	[2.23, 2.63, 5.58, 2.95, 3.94, 4.39, 0.98, 3.35, 3.94]	[2.95, 4.92]
NTRK1 controls-state-change-of AKT1	4	7.54983443527075	9.0	0.5389109388386917	3.465	[2.0, 2.0, 12.0, 20.0]	[13.0, 0.0, 5.0, 2.0, 1.0, 4.0, 14.0]	[2.63, 3.94, 3.35, 3.94]	[2.23, 5.58, 2.95, 2.95, 4.39, 0.98, 4.92]
FOXA1 controls-expression-of CCND1	1	0.0	2.0	0.0	2.95	[2.0]	[13.0, 2.0, 0.0, 5.0, 2.0, 1.0, 4.0, 12.0, 14.0, 20.0]	[2.95]	[2.23, 2.63, 5.58, 2.95, 3.94, 4.39, 0.98, 3.35, 4.92, 3.94]
TP53 controls-expression-of CDKN2A	10	6.527633568147036	7.3	1.2871087755119999	3.4910000000000005	[13.0, 2.0, 0.0, 5.0, 2.0, 1.0, 4.0, 12.0, 14.0, 20.0]	[2.0]	[2.23, 2.63, 5.58, 2.95, 3.94, 4.39, 0.98, 3.35, 4.92, 3.94]	[2.95]
BRAF controls-expression-of TG	1	0.0	2.0	0.0	2.95	[2.0]	[13.0, 2.0, 0.0, 5.0, 2.0, 1.0, 4.0, 12.0, 14.0, 20.0]	[2.95]	[2.23, 2.63, 5.58, 2.95, 3.94, 4.39, 0.98, 3.35, 4.92, 3.94]
AKT2 controls-state-change-of MDM2	6	7.26674311886388	8.833333333333334	1.5900838552311218	3.3800000000000003	[13.0, 2.0, 0.0, 4.0, 14.0, 20.0]	[5.0, 2.0, 2.0, 1.0, 12.0]	[2.23, 2.63, 5.58, 0.98, 4.92, 3.94]	[2.95, 2.95, 3.94, 4.39, 3.35]
SMAD2 controls-expression-of CDH1	1	0.0	20.0	0.0	3.94	[20.0]	[13.0, 2.0, 0.0, 5.0, 2.0, 2.0, 1.0, 4.0, 12.0, 14.0]	[3.94]	[2.23, 2.63, 5.58, 2.95, 2.95, 3.94, 4.39, 0.98, 3.35, 4.92]
MAP3K13 controls-state-change-of AKT2	1	0.0	0.0	0.0	5.58	[0.0]	[13.0, 2.0, 5.0, 2.0, 2.0, 1.0, 4.0, 12.0, 14.0, 20.0]	[5.58]	[2.23, 2.63, 2.95, 2.95, 3.94, 4.39, 0.98, 3.35, 4.92, 3.94]
BRCA1 controls-expression-of ATR	6	6.649979114420001	7.666666666666667	1.0234812596666774	2.7783333333333338	[13.0, 2.0, 5.0, 2.0, 4.0, 20.0]	[0.0, 2.0, 1.0, 12.0, 14.0]	[2.23, 2.63, 2.95, 3.94, 0.98, 3.94]	[5.58, 2.95, 4.39, 3.35, 4.92]
FGF4 controls-state-change-of CD79B	2	9.0	11.0	0.4949999999999999	3.4450000000000003	[2.0, 20.0]	[13.0, 2.0, 0.0, 5.0, 2.0, 1.0, 4.0, 12.0, 14.0]	[2.95, 3.94]	[2.23, 2.63, 5.58, 2.95, 3.94, 4.39, 0.98, 3.35, 4.92]
NBN controls-state-change-of BRCA1	5	4.069397989875161	5.2	0.9659937887999074	2.5460000000000003	[13.0, 2.0, 5.0, 2.0, 4.0]	[0.0, 2.0, 1.0, 12.0, 14.0, 20.0]	[2.23, 2.63, 2.95, 3.94, 0.98]	[5.58, 2.95, 4.39, 3.35, 4.92, 3.94]
PIK3R1 controls-state-change-of PAK1	1	0.0	20.0	0.0	3.94	[20.0]	[13.0, 2.0, 0.0, 5.0, 2.0, 2.0, 1.0, 4.0, 12.0, 14.0]	[3.94]	[2.23, 2.63, 5.58, 2.95, 2.95, 3.94, 4.39, 0.98, 3.35, 4.92]
TP53 controls-expression-of CDKN1B	8	6.613197033205649	7.625	1.2097701227919295	3.2475	[13.0, 2.0, 5.0, 2.0, 1.0, 4.0, 14.0, 20.0]	[0.0, 2.0, 12.0]	[2.23, 2.63, 2.95, 3.94, 4.39, 0.98, 4.92, 3.94]	[5.58, 2.95, 3.35]
SRC controls-state-change-of PPP2CB	1	0.0	5.0	0.0	2.95	[5.0]	[13.0, 2.0, 0.0, 2.0, 2.0, 1.0, 4.0, 12.0, 14.0, 20.0]	[2.95]	[2.23, 2.63, 5.58, 2.95, 3.94, 4.39, 0.98, 3.35, 4.92, 3.94]
AXL controls-state-change-of AKT2	1	0.0	1.0	0.0	4.39	[1.0]	[13.0, 2.0, 0.0, 5.0, 2.0, 2.0, 4.0, 12.0, 14.0, 20.0]	[4.39]	[2.23, 2.63, 5.58, 2.95, 2.95, 3.94, 0.98, 3.35, 4.92, 3.94]
FGF3 controls-state-change-of CD79B	2	9.0	11.0	0.4949999999999999	3.4450000000000003	[2.0, 20.0]	[13.0, 2.0, 0.0, 5.0, 2.0, 1.0, 4.0, 12.0, 14.0]	[2.95, 3.94]	[2.23, 2.63, 5.58, 2.95, 3.94, 4.39, 0.98, 3.35, 4.92]
TP53 controls-expression-of MDM2	6	7.26674311886388	8.833333333333334	1.5900838552311218	3.3800000000000003	[13.0, 2.0, 0.0, 4.0, 14.0, 20.0]	[5.0, 2.0, 2.0, 1.0, 12.0]	[2.23, 2.63, 5.58, 0.98, 4.92, 3.94]	[2.95, 2.95, 3.94, 4.39, 3.35]
JAK1 controls-expression-of BCL2L1	7	4.952838806674205	7.428571428571429	1.1652835338601994	3.0	[13.0, 2.0, 5.0, 2.0, 4.0, 12.0, 14.0]	[0.0, 2.0, 1.0, 20.0]	[2.23, 2.63, 2.95, 3.94, 0.98, 3.35, 4.92]	[5.58, 2.95, 4.39, 3.94]
AKT2 controls-state-change-of CDKN1B	8	6.613197033205649	7.625	1.2097701227919295	3.2475	[13.0, 2.0, 5.0, 2.0, 1.0, 4.0, 14.0, 20.0]	[0.0, 2.0, 12.0]	[2.23, 2.63, 2.95, 3.94, 4.39, 0.98, 4.92, 3.94]	[5.58, 2.95, 3.35]
ERCC2 controls-expression-of ATR	1	0.0	12.0	0.0	3.35	[12.0]	[13.0, 2.0, 0.0, 5.0, 2.0, 2.0, 1.0, 4.0, 14.0, 20.0]	[3.35]	[2.23, 2.63, 5.58, 2.95, 2.95, 3.94, 4.39, 0.98, 4.92, 3.94]
GATA3 controls-expression-of FOXA1	1	0.0	2.0	0.0	2.95	[2.0]	[13.0, 2.0, 0.0, 5.0, 2.0, 1.0, 4.0, 12.0, 14.0, 20.0]	[2.95]	[2.23, 2.63, 5.58, 2.95, 3.94, 4.39, 0.98, 3.35, 4.92, 3.94]
TP53 controls-state-change-of CDKN1B	8	6.613197033205649	7.625	1.2097701227919295	3.2475	[13.0, 2.0, 5.0, 2.0, 1.0, 4.0, 14.0, 20.0]	[0.0, 2.0, 12.0]	[2.23, 2.63, 2.95, 3.94, 4.39, 0.98, 4.92, 3.94]	[5.58, 2.95, 3.35]
VEGFA controls-state-change-of FGF4	4	7.54983443527075	9.0	0.5389109388386917	3.465	[2.0, 2.0, 12.0, 20.0]	[13.0, 0.0, 5.0, 2.0, 1.0, 4.0, 14.0]	[2.63, 3.94, 3.35, 3.94]	[2.23, 5.58, 2.95, 2.95, 4.39, 0.98, 4.92]
VEGFA controls-state-change-of FGF3	4	7.54983443527075	9.0	0.5389109388386917	3.465	[2.0, 2.0, 12.0, 20.0]	[13.0, 0.0, 5.0, 2.0, 1.0, 4.0, 14.0]	[2.63, 3.94, 3.35, 3.94]	[2.23, 5.58, 2.95, 2.95, 4.39, 0.98, 4.92]
MAP3K1 controls-state-change-of AKT1	6	5.4594464513864	6.166666666666667	1.602096716459056	3.508333333333334	[13.0, 0.0, 5.0, 1.0, 4.0, 14.0]	[2.0, 2.0, 2.0, 12.0, 20.0]	[2.23, 5.58, 2.95, 4.39, 0.98, 4.92]	[2.63, 2.95, 3.94, 3.35, 3.94]
FGF3 controls-state-change-of AKT2	1	0.0	2.0	0.0	2.95	[2.0]	[13.0, 2.0, 0.0, 5.0, 2.0, 1.0, 4.0, 12.0, 14.0, 20.0]	[2.95]	[2.23, 2.63, 5.58, 2.95, 3.94, 4.39, 0.98, 3.35, 4.92, 3.94]
FGF3 controls-state-change-of AKT1	4	5.123475382979799	4.5	1.796781845411401	3.295	[13.0, 0.0, 1.0, 4.0]	[2.0, 5.0, 2.0, 2.0, 12.0, 14.0, 20.0]	[2.23, 5.58, 4.39, 0.98]	[2.63, 2.95, 2.95, 3.94, 3.35, 4.92, 3.94]
VEGFA controls-state-change-of FGFR2	5	7.042726744663604	10.0	0.7556877662103576	3.7560000000000002	[2.0, 2.0, 12.0, 14.0, 20.0]	[13.0, 0.0, 5.0, 2.0, 1.0, 4.0]	[2.63, 3.94, 3.35, 4.92, 3.94]	[2.23, 5.58, 2.95, 2.95, 4.39, 0.98]
PIK3CA controls-expression-of CDKN1B	8	6.613197033205649	7.625	1.2097701227919295	3.2475	[13.0, 2.0, 5.0, 2.0, 1.0, 4.0, 14.0, 20.0]	[0.0, 2.0, 12.0]	[2.23, 2.63, 2.95, 3.94, 4.39, 0.98, 4.92, 3.94]	[5.58, 2.95, 3.35]
PIK3CA controls-expression-of VEGFA	3	4.0276819911981905	7.333333333333333	0.8138932498935117	2.0533333333333332	[13.0, 5.0, 4.0]	[2.0, 0.0, 2.0, 2.0, 1.0, 12.0, 14.0, 20.0]	[2.23, 2.95, 0.98]	[2.63, 5.58, 2.95, 3.94, 4.39, 3.35, 4.92, 3.94]
VEGFA controls-state-change-of FGF19	4	7.54983443527075	9.0	0.5389109388386917	3.465	[2.0, 2.0, 12.0, 20.0]	[13.0, 0.0, 5.0, 2.0, 1.0, 4.0, 14.0]	[2.63, 3.94, 3.35, 3.94]	[2.23, 5.58, 2.95, 2.95, 4.39, 0.98, 4.92]
MYC controls-expression-of MTAP	1	0.0	2.0	0.0	2.63	[2.0]	[13.0, 0.0, 5.0, 2.0, 2.0, 1.0, 4.0, 12.0, 14.0, 20.0]	[2.63]	[2.23, 5.58, 2.95, 2.95, 3.94, 4.39, 0.98, 3.35, 4.92, 3.94]
AKT1 controls-expression-of TERT	4	7.46240577829965	7.25	0.5860247435049137	3.3649999999999998	[2.0, 5.0, 2.0, 20.0]	[13.0, 0.0, 2.0, 1.0, 4.0, 12.0, 14.0]	[2.63, 2.95, 3.94, 3.94]	[2.23, 5.58, 2.95, 4.39, 0.98, 3.35, 4.92]
ERBB2 controls-state-change-of CD79B	2	0.5	1.5	0.7199999999999998	3.67	[2.0, 1.0]	[13.0, 2.0, 0.0, 5.0, 2.0, 4.0, 12.0, 14.0, 20.0]	[2.95, 4.39]	[2.23, 2.63, 5.58, 2.95, 3.94, 0.98, 3.35, 4.92, 3.94]
PDGFRA controls-state-change-of FGFR2	8	6.224949798994366	9.0	1.1334874282496477	3.1175	[13.0, 2.0, 5.0, 2.0, 4.0, 12.0, 14.0, 20.0]	[0.0, 2.0, 1.0]	[2.23, 2.63, 2.95, 3.94, 0.98, 3.35, 4.92, 3.94]	[5.58, 2.95, 4.39]
GATA3 controls-expression-of CCND1	1	0.0	2.0	0.0	2.95	[2.0]	[13.0, 2.0, 0.0, 5.0, 2.0, 1.0, 4.0, 12.0, 14.0, 20.0]	[2.95]	[2.23, 2.63, 5.58, 2.95, 3.94, 4.39, 0.98, 3.35, 4.92, 3.94]
CCND1 controls-state-change-of RUNX1	1	0.0	2.0	0.0	2.95	[2.0]	[13.0, 2.0, 0.0, 5.0, 2.0, 1.0, 4.0, 12.0, 14.0, 20.0]	[2.95]	[2.23, 2.63, 5.58, 2.95, 3.94, 4.39, 0.98, 3.35, 4.92, 3.94]
PDGFRA controls-state-change-of FGF19	6	6.693695209341067	8.833333333333334	1.0452870419171951	2.845	[13.0, 2.0, 2.0, 4.0, 12.0, 20.0]	[0.0, 5.0, 2.0, 1.0, 14.0]	[2.23, 2.63, 3.94, 0.98, 3.35, 3.94]	[5.58, 2.95, 2.95, 4.39, 4.92]
FOXA1 controls-expression-of CDH1	1	0.0	2.0	0.0	2.95	[2.0]	[13.0, 2.0, 0.0, 5.0, 2.0, 1.0, 4.0, 12.0, 14.0, 20.0]	[2.95]	[2.23, 2.63, 5.58, 2.95, 3.94, 4.39, 0.98, 3.35, 4.92, 3.94]
ALK controls-state-change-of AKT1	3	4.714045207910317	5.333333333333333	0.5356823270890646	3.3066666666666666	[2.0, 2.0, 12.0]	[13.0, 0.0, 5.0, 2.0, 1.0, 4.0, 14.0, 20.0]	[2.63, 3.94, 3.35]	[2.23, 5.58, 2.95, 2.95, 4.39, 0.98, 4.92, 3.94]
KDR controls-state-change-of AKT1	4	7.54983443527075	9.0	0.5389109388386917	3.465	[2.0, 2.0, 12.0, 20.0]	[13.0, 0.0, 5.0, 2.0, 1.0, 4.0, 14.0]	[2.63, 3.94, 3.35, 3.94]	[2.23, 5.58, 2.95, 2.95, 4.39, 0.98, 4.92]
AKT1 controls-state-change-of TERT	4	7.46240577829965	7.25	0.5860247435049137	3.3649999999999998	[2.0, 5.0, 2.0, 20.0]	[13.0, 0.0, 2.0, 1.0, 4.0, 12.0, 14.0]	[2.63, 2.95, 3.94, 3.94]	[2.23, 5.58, 2.95, 4.39, 0.98, 3.35, 4.92]
ATR controls-expression-of BRCA1	6	6.649979114420001	7.666666666666667	1.0234812596666774	2.7783333333333338	[13.0, 2.0, 5.0, 2.0, 4.0, 20.0]	[0.0, 2.0, 1.0, 12.0, 14.0]	[2.23, 2.63, 2.95, 3.94, 0.98, 3.94]	[5.58, 2.95, 4.39, 3.35, 4.92]
PIK3CA controls-expression-of UBR5	1	0.0	2.0	0.0	2.95	[2.0]	[13.0, 2.0, 0.0, 5.0, 2.0, 1.0, 4.0, 12.0, 14.0, 20.0]	[2.95]	[2.23, 2.63, 5.58, 2.95, 3.94, 4.39, 0.98, 3.35, 4.92, 3.94]
POLE controls-state-change-of BRIP1	1	0.0	20.0	0.0	3.94	[20.0]	[13.0, 2.0, 0.0, 5.0, 2.0, 2.0, 1.0, 4.0, 12.0, 14.0]	[3.94]	[2.23, 2.63, 5.58, 2.95, 2.95, 3.94, 4.39, 0.98, 3.35, 4.92]
JAK1 controls-state-change-of AKT1	4	4.527692569068709	9.0	1.4274627841033196	2.77	[13.0, 5.0, 4.0, 14.0]	[2.0, 0.0, 2.0, 2.0, 1.0, 12.0, 20.0]	[2.23, 2.95, 0.98, 4.92]	[2.63, 5.58, 2.95, 3.94, 4.39, 3.35, 3.94]
PIK3CA controls-expression-of CCND3	10	6.527633568147036	7.3	1.2871087755119999	3.4910000000000005	[13.0, 2.0, 0.0, 5.0, 2.0, 1.0, 4.0, 12.0, 14.0, 20.0]	[2.0]	[2.23, 2.63, 5.58, 2.95, 3.94, 4.39, 0.98, 3.35, 4.92, 3.94]	[2.95]
IGF1R controls-state-change-of STAT5A	1	0.0	5.0	0.0	2.95	[5.0]	[13.0, 2.0, 0.0, 2.0, 2.0, 1.0, 4.0, 12.0, 14.0, 20.0]	[2.95]	[2.23, 2.63, 5.58, 2.95, 3.94, 4.39, 0.98, 3.35, 4.92, 3.94]
IGF1R controls-state-change-of STAT5B	1	0.0	5.0	0.0	2.95	[5.0]	[13.0, 2.0, 0.0, 2.0, 2.0, 1.0, 4.0, 12.0, 14.0, 20.0]	[2.95]	[2.23, 2.63, 5.58, 2.95, 3.94, 4.39, 0.98, 3.35, 4.92, 3.94]
PIK3CA controls-expression-of CCND1	1	0.0	2.0	0.0	2.95	[2.0]	[13.0, 2.0, 0.0, 5.0, 2.0, 1.0, 4.0, 12.0, 14.0, 20.0]	[2.95]	[2.23, 2.63, 5.58, 2.95, 3.94, 4.39, 0.98, 3.35, 4.92, 3.94]
AKT2 controls-state-change-of XIAP	1	0.0	2.0	0.0	3.94	[2.0]	[13.0, 2.0, 0.0, 5.0, 2.0, 1.0, 4.0, 12.0, 14.0, 20.0]	[3.94]	[2.23, 2.63, 5.58, 2.95, 2.95, 4.39, 0.98, 3.35, 4.92, 3.94]
RUNX1 controls-expression-of CTNNB1	1	0.0	1.0	0.0	4.39	[1.0]	[13.0, 2.0, 0.0, 5.0, 2.0, 2.0, 4.0, 12.0, 14.0, 20.0]	[4.39]	[2.23, 2.63, 5.58, 2.95, 2.95, 3.94, 0.98, 3.35, 4.92, 3.94]
NF1 controls-state-change-of AKT2	2	1.5	3.5	0.16000000000000014	2.79	[2.0, 5.0]	[13.0, 0.0, 2.0, 2.0, 1.0, 4.0, 12.0, 14.0, 20.0]	[2.63, 2.95]	[2.23, 5.58, 2.95, 3.94, 4.39, 0.98, 3.35, 4.92, 3.94]
STAT5A controls-expression-of RARA	1	0.0	5.0	0.0	2.95	[5.0]	[13.0, 2.0, 0.0, 2.0, 2.0, 1.0, 4.0, 12.0, 14.0, 20.0]	[2.95]	[2.23, 2.63, 5.58, 2.95, 3.94, 4.39, 0.98, 3.35, 4.92, 3.94]
PDGFRA controls-state-change-of FGF3	6	6.693695209341067	8.833333333333334	1.0452870419171951	2.845	[13.0, 2.0, 2.0, 4.0, 12.0, 20.0]	[0.0, 5.0, 2.0, 1.0, 14.0]	[2.23, 2.63, 3.94, 0.98, 3.35, 3.94]	[5.58, 2.95, 2.95, 4.39, 4.92]
SRC controls-state-change-of CDH1	1	0.0	5.0	0.0	2.95	[5.0]	[13.0, 2.0, 0.0, 2.0, 2.0, 1.0, 4.0, 12.0, 14.0, 20.0]	[2.95]	[2.23, 2.63, 5.58, 2.95, 3.94, 4.39, 0.98, 3.35, 4.92, 3.94]
TP53 controls-expression-of USH2A	2	0.5	4.5	0.9850000000000001	1.965	[5.0, 4.0]	[13.0, 2.0, 0.0, 2.0, 2.0, 1.0, 12.0, 14.0, 20.0]	[2.95, 0.98]	[2.23, 2.63, 5.58, 2.95, 3.94, 4.39, 3.35, 4.92, 3.94]
FGF4 controls-state-change-of FGFR1	2	0.5	0.5	0.5950000000000002	4.984999999999999	[0.0, 1.0]	[13.0, 2.0, 5.0, 2.0, 2.0, 4.0, 12.0, 14.0, 20.0]	[5.58, 4.39]	[2.23, 2.63, 2.95, 2.95, 3.94, 0.98, 3.35, 4.92, 3.94]
FGF4 controls-state-change-of FGFR2	6	6.693695209341067	8.833333333333334	1.0452870419171951	2.845	[13.0, 2.0, 2.0, 4.0, 12.0, 20.0]	[0.0, 5.0, 2.0, 1.0, 14.0]	[2.23, 2.63, 3.94, 0.98, 3.35, 3.94]	[5.58, 2.95, 2.95, 4.39, 4.92]
BRCA1 controls-expression-of FANCD2	1	0.0	12.0	0.0	3.35	[12.0]	[13.0, 2.0, 0.0, 5.0, 2.0, 2.0, 1.0, 4.0, 14.0, 20.0]	[3.35]	[2.23, 2.63, 5.58, 2.95, 2.95, 3.94, 4.39, 0.98, 4.92, 3.94]
PTEN controls-state-change-of AKT2	2	5.0	7.0	0.19999999999999996	3.1500000000000004	[2.0, 12.0]	[13.0, 2.0, 0.0, 5.0, 2.0, 1.0, 4.0, 14.0, 20.0]	[2.95, 3.35]	[2.23, 2.63, 5.58, 2.95, 3.94, 4.39, 0.98, 4.92, 3.94]
ERBB2 controls-state-change-of PRKCQ	10	6.527633568147036	7.3	1.2871087755119999	3.4910000000000005	[13.0, 2.0, 0.0, 5.0, 2.0, 1.0, 4.0, 12.0, 14.0, 20.0]	[2.0]	[2.23, 2.63, 5.58, 2.95, 3.94, 4.39, 0.98, 3.35, 4.92, 3.94]	[2.95]
RUNX1 controls-expression-of AKT2	11	6.407640067893126	6.818181818181818	1.2370258921507018	3.441818181818182	[13.0, 2.0, 0.0, 5.0, 2.0, 2.0, 1.0, 4.0, 12.0, 14.0, 20.0]	[]	[2.23, 2.63, 5.58, 2.95, 2.95, 3.94, 4.39, 0.98, 3.35, 4.92, 3.94]	[]
EGFR controls-state-change-of AKT2	10	6.527633568147036	7.3	1.2871087755119999	3.4910000000000005	[13.0, 2.0, 0.0, 5.0, 2.0, 1.0, 4.0, 12.0, 14.0, 20.0]	[2.0]	[2.23, 2.63, 5.58, 2.95, 3.94, 4.39, 0.98, 3.35, 4.92, 3.94]	[2.95]
TP53 controls-expression-of EGFR	10	6.527633568147036	7.3	1.2871087755119999	3.4910000000000005	[13.0, 2.0, 0.0, 5.0, 2.0, 1.0, 4.0, 12.0, 14.0, 20.0]	[2.0]	[2.23, 2.63, 5.58, 2.95, 3.94, 4.39, 0.98, 3.35, 4.92, 3.94]	[2.95]
JAK2 controls-state-change-of PIK3R1	1	0.0	20.0	0.0	3.94	[20.0]	[13.0, 2.0, 0.0, 5.0, 2.0, 2.0, 1.0, 4.0, 12.0, 14.0]	[3.94]	[2.23, 2.63, 5.58, 2.95, 2.95, 3.94, 4.39, 0.98, 3.35, 4.92]
PAK1 controls-state-change-of AKT2	10	6.28410693734599	6.1	1.2012093905726844	3.2940000000000005	[13.0, 2.0, 0.0, 5.0, 2.0, 2.0, 1.0, 4.0, 12.0, 20.0]	[14.0]	[2.23, 2.63, 5.58, 2.95, 2.95, 3.94, 4.39, 0.98, 3.35, 3.94]	[4.92]
PDGFRA controls-state-change-of FGF4	6	6.693695209341067	8.833333333333334	1.0452870419171951	2.845	[13.0, 2.0, 2.0, 4.0, 12.0, 20.0]	[0.0, 5.0, 2.0, 1.0, 14.0]	[2.23, 2.63, 3.94, 0.98, 3.35, 3.94]	[5.58, 2.95, 2.95, 4.39, 4.92]
EGFR controls-state-change-of KRAS	10	6.527633568147036	7.3	1.2871087755119999	3.4910000000000005	[13.0, 2.0, 0.0, 5.0, 2.0, 1.0, 4.0, 12.0, 14.0, 20.0]	[2.0]	[2.23, 2.63, 5.58, 2.95, 3.94, 4.39, 0.98, 3.35, 4.92, 3.94]	[2.95]
CDK6 controls-state-change-of AKT1	4	7.54983443527075	9.0	0.5389109388386917	3.465	[2.0, 2.0, 12.0, 20.0]	[13.0, 0.0, 5.0, 2.0, 1.0, 4.0, 14.0]	[2.63, 3.94, 3.35, 3.94]	[2.23, 5.58, 2.95, 2.95, 4.39, 0.98, 4.92]
AKT1 controls-state-change-of MAP3K1	6	5.4594464513864	6.166666666666667	1.602096716459056	3.508333333333334	[13.0, 0.0, 5.0, 1.0, 4.0, 14.0]	[2.0, 2.0, 2.0, 12.0, 20.0]	[2.23, 5.58, 2.95, 4.39, 0.98, 4.92]	[2.63, 2.95, 3.94, 3.35, 3.94]
RB1 controls-expression-of E2F3	1	0.0	2.0	0.0	3.94	[2.0]	[13.0, 2.0, 0.0, 5.0, 2.0, 1.0, 4.0, 12.0, 14.0, 20.0]	[3.94]	[2.23, 2.63, 5.58, 2.95, 2.95, 4.39, 0.98, 3.35, 4.92, 3.94]
ERBB2 controls-expression-of CCND1	1	0.0	2.0	0.0	2.95	[2.0]	[13.0, 2.0, 0.0, 5.0, 2.0, 1.0, 4.0, 12.0, 14.0, 20.0]	[2.95]	[2.23, 2.63, 5.58, 2.95, 3.94, 4.39, 0.98, 3.35, 4.92, 3.94]
BRCA1 controls-state-change-of FANCD2	1	0.0	12.0	0.0	3.35	[12.0]	[13.0, 2.0, 0.0, 5.0, 2.0, 2.0, 1.0, 4.0, 14.0, 20.0]	[3.35]	[2.23, 2.63, 5.58, 2.95, 2.95, 3.94, 4.39, 0.98, 4.92, 3.94]
TCF3 controls-expression-of PBRM1	1	0.0	14.0	0.0	4.92	[14.0]	[13.0, 2.0, 0.0, 5.0, 2.0, 2.0, 1.0, 4.0, 12.0, 20.0]	[4.92]	[2.23, 2.63, 5.58, 2.95, 2.95, 3.94, 4.39, 0.98, 3.35, 3.94]
GH1 controls-expression-of CDH1	1	0.0	2.0	0.0	2.95	[2.0]	[13.0, 2.0, 0.0, 5.0, 2.0, 1.0, 4.0, 12.0, 14.0, 20.0]	[2.95]	[2.23, 2.63, 5.58, 2.95, 3.94, 4.39, 0.98, 3.35, 4.92, 3.94]
KMT2D controls-state-change-of CREBBP	7	6.4554991586828585	9.571428571428571	1.2098574717878203	3.141428571428571	[13.0, 2.0, 2.0, 4.0, 12.0, 14.0, 20.0]	[0.0, 5.0, 2.0, 1.0]	[2.23, 2.63, 3.94, 0.98, 3.35, 4.92, 3.94]	[5.58, 2.95, 2.95, 4.39]
PRKAR1A controls-state-change-of AKT2	1	0.0	2.0	0.0	2.95	[2.0]	[13.0, 2.0, 0.0, 5.0, 2.0, 1.0, 4.0, 12.0, 14.0, 20.0]	[2.95]	[2.23, 2.63, 5.58, 2.95, 3.94, 4.39, 0.98, 3.35, 4.92, 3.94]
CCNE1 controls-state-change-of RB1	7	6.8957247920840965	9.142857142857142	0.8841691591775955	3.628571428571429	[13.0, 2.0, 2.0, 1.0, 12.0, 14.0, 20.0]	[0.0, 5.0, 2.0, 4.0]	[2.23, 2.63, 3.94, 4.39, 3.35, 4.92, 3.94]	[5.58, 2.95, 2.95, 0.98]
CDKN1B controls-state-change-of RB1	8	6.613197033205649	7.625	1.2097701227919295	3.2475	[13.0, 2.0, 5.0, 2.0, 1.0, 4.0, 14.0, 20.0]	[0.0, 2.0, 12.0]	[2.23, 2.63, 2.95, 3.94, 4.39, 0.98, 4.92, 3.94]	[5.58, 2.95, 3.35]
BARD1 controls-state-change-of FANCD2	1	0.0	0.0	0.0	5.58	[0.0]	[13.0, 2.0, 5.0, 2.0, 2.0, 1.0, 4.0, 12.0, 14.0, 20.0]	[5.58]	[2.23, 2.63, 2.95, 2.95, 3.94, 4.39, 0.98, 3.35, 4.92, 3.94]
BRIP1 controls-state-change-of TP53	1	0.0	2.0	0.0	2.95	[2.0]	[13.0, 2.0, 0.0, 5.0, 2.0, 1.0, 4.0, 12.0, 14.0, 20.0]	[2.95]	[2.23, 2.63, 5.58, 2.95, 3.94, 4.39, 0.98, 3.35, 4.92, 3.94]
CDKN1B controls-state-change-of E2F3	1	0.0	2.0	0.0	3.94	[2.0]	[13.0, 2.0, 0.0, 5.0, 2.0, 1.0, 4.0, 12.0, 14.0, 20.0]	[3.94]	[2.23, 2.63, 5.58, 2.95, 2.95, 4.39, 0.98, 3.35, 4.92, 3.94]
CTNNB1 controls-expression-of CDKN2A	1	0.0	1.0	0.0	4.39	[1.0]	[13.0, 2.0, 0.0, 5.0, 2.0, 2.0, 4.0, 12.0, 14.0, 20.0]	[4.39]	[2.23, 2.63, 5.58, 2.95, 2.95, 3.94, 0.98, 3.35, 4.92, 3.94]
POLE controls-state-change-of BRCA1	1	0.0	20.0	0.0	3.94	[20.0]	[13.0, 2.0, 0.0, 5.0, 2.0, 2.0, 1.0, 4.0, 12.0, 14.0]	[3.94]	[2.23, 2.63, 5.58, 2.95, 2.95, 3.94, 4.39, 0.98, 3.35, 4.92]
TP53 controls-expression-of PPM1D	8	6.670832032063167	8.5	1.1870525472783418	3.3375	[13.0, 2.0, 2.0, 1.0, 4.0, 12.0, 14.0, 20.0]	[2.0, 0.0, 5.0]	[2.23, 2.95, 3.94, 4.39, 0.98, 3.35, 4.92, 3.94]	[2.63, 5.58, 2.95]
CTNNB1 controls-expression-of CDKN1B	1	0.0	1.0	0.0	4.39	[1.0]	[13.0, 2.0, 0.0, 5.0, 2.0, 2.0, 4.0, 12.0, 14.0, 20.0]	[4.39]	[2.23, 2.63, 5.58, 2.95, 2.95, 3.94, 0.98, 3.35, 4.92, 3.94]
KRAS controls-state-change-of RAF1	1	0.0	5.0	0.0	2.95	[5.0]	[13.0, 2.0, 0.0, 2.0, 2.0, 1.0, 4.0, 12.0, 14.0, 20.0]	[2.95]	[2.23, 2.63, 5.58, 2.95, 3.94, 4.39, 0.98, 3.35, 4.92, 3.94]
PRKCI controls-state-change-of FBXW7	1	0.0	5.0	0.0	2.95	[5.0]	[13.0, 2.0, 0.0, 2.0, 2.0, 1.0, 4.0, 12.0, 14.0, 20.0]	[2.95]	[2.23, 2.63, 5.58, 2.95, 3.94, 4.39, 0.98, 3.35, 4.92, 3.94]
PIK3CA controls-expression-of E2F3	1	0.0	2.0	0.0	3.94	[2.0]	[13.0, 2.0, 0.0, 5.0, 2.0, 1.0, 4.0, 12.0, 14.0, 20.0]	[3.94]	[2.23, 2.63, 5.58, 2.95, 2.95, 4.39, 0.98, 3.35, 4.92, 3.94]
JAK2 controls-state-change-of HIST1H3B	1	0.0	12.0	0.0	3.35	[12.0]	[13.0, 2.0, 0.0, 5.0, 2.0, 2.0, 1.0, 4.0, 14.0, 20.0]	[3.35]	[2.23, 2.63, 5.58, 2.95, 2.95, 3.94, 4.39, 0.98, 4.92, 3.94]
PIK3CA controls-state-change-of RB1	9	6.384781288248286	8.11111111111111	1.1410369985669901	3.258888888888889	[13.0, 2.0, 5.0, 2.0, 1.0, 4.0, 12.0, 14.0, 20.0]	[0.0, 2.0]	[2.23, 2.63, 2.95, 3.94, 4.39, 0.98, 3.35, 4.92, 3.94]	[5.58, 2.95]
PIK3R1 controls-state-change-of PIK3CA	1	0.0	20.0	0.0	3.94	[20.0]	[13.0, 2.0, 0.0, 5.0, 2.0, 2.0, 1.0, 4.0, 12.0, 14.0]	[3.94]	[2.23, 2.63, 5.58, 2.95, 2.95, 3.94, 4.39, 0.98, 3.35, 4.92]
CTNNB1 controls-expression-of MYC	1	0.0	1.0	0.0	4.39	[1.0]	[13.0, 2.0, 0.0, 5.0, 2.0, 2.0, 4.0, 12.0, 14.0, 20.0]	[4.39]	[2.23, 2.63, 5.58, 2.95, 2.95, 3.94, 0.98, 3.35, 4.92, 3.94]
FGF3 controls-state-change-of FGF19	9	6.612744896162893	6.222222222222222	1.2604036194610906	3.3322222222222226	[13.0, 2.0, 0.0, 2.0, 2.0, 1.0, 4.0, 12.0, 20.0]	[5.0, 14.0]	[2.23, 2.63, 5.58, 2.95, 3.94, 4.39, 0.98, 3.35, 3.94]	[2.95, 4.92]
KIT controls-state-change-of AKT1	4	4.527692569068709	9.0	1.4274627841033196	2.77	[13.0, 5.0, 4.0, 14.0]	[2.0, 0.0, 2.0, 2.0, 1.0, 12.0, 20.0]	[2.23, 2.95, 0.98, 4.92]	[2.63, 5.58, 2.95, 3.94, 4.39, 3.35, 3.94]
AKT1 controls-state-change-of CREBBP	4	4.527692569068709	9.0	1.4274627841033196	2.77	[13.0, 5.0, 4.0, 14.0]	[2.0, 0.0, 2.0, 2.0, 1.0, 12.0, 20.0]	[2.23, 2.95, 0.98, 4.92]	[2.63, 5.58, 2.95, 3.94, 4.39, 3.35, 3.94]
CD79B controls-state-change-of KRAS	1	0.0	1.0	0.0	4.39	[1.0]	[13.0, 2.0, 0.0, 5.0, 2.0, 2.0, 4.0, 12.0, 14.0, 20.0]	[4.39]	[2.23, 2.63, 5.58, 2.95, 2.95, 3.94, 0.98, 3.35, 4.92, 3.94]
EGFR controls-state-change-of PIK3CA	10	6.527633568147036	7.3	1.2871087755119999	3.4910000000000005	[13.0, 2.0, 0.0, 5.0, 2.0, 1.0, 4.0, 12.0, 14.0, 20.0]	[2.0]	[2.23, 2.63, 5.58, 2.95, 3.94, 4.39, 0.98, 3.35, 4.92, 3.94]	[2.95]
KRAS controls-state-change-of PIK3CA	10	6.527633568147036	7.3	1.2871087755119999	3.4910000000000005	[13.0, 2.0, 0.0, 5.0, 2.0, 1.0, 4.0, 12.0, 14.0, 20.0]	[2.0]	[2.23, 2.63, 5.58, 2.95, 3.94, 4.39, 0.98, 3.35, 4.92, 3.94]	[2.95]
PPM1D controls-state-change-of MDM2	4	5.717298313014636	12.75	1.520039061998079	3.0174999999999996	[13.0, 4.0, 14.0, 20.0]	[2.0, 0.0, 5.0, 2.0, 2.0, 1.0, 12.0]	[2.23, 0.98, 4.92, 3.94]	[2.63, 5.58, 2.95, 2.95, 3.94, 4.39, 3.35]
PDGFRA controls-state-change-of CD79B	1	0.0	20.0	0.0	3.94	[20.0]	[13.0, 2.0, 0.0, 5.0, 2.0, 2.0, 1.0, 4.0, 12.0, 14.0]	[3.94]	[2.23, 2.63, 5.58, 2.95, 2.95, 3.94, 4.39, 0.98, 3.35, 4.92]
SRC controls-state-change-of PIK3CB	1	0.0	5.0	0.0	2.95	[5.0]	[13.0, 2.0, 0.0, 2.0, 2.0, 1.0, 4.0, 12.0, 14.0, 20.0]	[2.95]	[2.23, 2.63, 5.58, 2.95, 3.94, 4.39, 0.98, 3.35, 4.92, 3.94]
PDGFRA controls-state-change-of JAK1	8	6.224949798994366	9.0	1.1334874282496477	3.1175	[13.0, 2.0, 5.0, 2.0, 4.0, 12.0, 14.0, 20.0]	[0.0, 2.0, 1.0]	[2.23, 2.63, 2.95, 3.94, 0.98, 3.35, 4.92, 3.94]	[5.58, 2.95, 4.39]
NTRK1 controls-state-change-of STAT3	1	0.0	14.0	0.0	4.92	[14.0]	[13.0, 2.0, 0.0, 5.0, 2.0, 2.0, 1.0, 4.0, 12.0, 20.0]	[4.92]	[2.23, 2.63, 5.58, 2.95, 2.95, 3.94, 4.39, 0.98, 3.35, 3.94]
MYB controls-expression-of ASXL2	4	4.527692569068709	9.0	1.4274627841033196	2.77	[13.0, 5.0, 4.0, 14.0]	[2.0, 0.0, 2.0, 2.0, 1.0, 12.0, 20.0]	[2.23, 2.95, 0.98, 4.92]	[2.63, 5.58, 2.95, 3.94, 4.39, 3.35, 3.94]
EGFR controls-state-change-of PRKCQ	10	6.527633568147036	7.3	1.2871087755119999	3.4910000000000005	[13.0, 2.0, 0.0, 5.0, 2.0, 1.0, 4.0, 12.0, 14.0, 20.0]	[2.0]	[2.23, 2.63, 5.58, 2.95, 3.94, 4.39, 0.98, 3.35, 4.92, 3.94]	[2.95]
FGF3 controls-state-change-of FGFR2	6	6.693695209341067	8.833333333333334	1.0452870419171951	2.845	[13.0, 2.0, 2.0, 4.0, 12.0, 20.0]	[0.0, 5.0, 2.0, 1.0, 14.0]	[2.23, 2.63, 3.94, 0.98, 3.35, 3.94]	[5.58, 2.95, 2.95, 4.39, 4.92]
TP53 controls-expression-of BRAF	10	6.527633568147036	7.3	1.2691575946272393	3.5230000000000006	[13.0, 0.0, 5.0, 2.0, 2.0, 1.0, 4.0, 12.0, 14.0, 20.0]	[2.0]	[2.23, 5.58, 2.95, 2.95, 3.94, 4.39, 0.98, 3.35, 4.92, 3.94]	[2.63]
E2F3 controls-expression-of MYC	1	0.0	2.0	0.0	3.94	[2.0]	[13.0, 2.0, 0.0, 5.0, 2.0, 1.0, 4.0, 12.0, 14.0, 20.0]	[3.94]	[2.23, 2.63, 5.58, 2.95, 2.95, 4.39, 0.98, 3.35, 4.92, 3.94]
FGF3 controls-state-change-of FGFR1	2	0.5	0.5	0.5950000000000002	4.984999999999999	[0.0, 1.0]	[13.0, 2.0, 5.0, 2.0, 2.0, 4.0, 12.0, 14.0, 20.0]	[5.58, 4.39]	[2.23, 2.63, 2.95, 2.95, 3.94, 0.98, 3.35, 4.92, 3.94]
EGFR controls-expression-of MYC	10	6.527633568147036	7.3	1.2871087755119999	3.4910000000000005	[13.0, 2.0, 0.0, 5.0, 2.0, 1.0, 4.0, 12.0, 14.0, 20.0]	[2.0]	[2.23, 2.63, 5.58, 2.95, 3.94, 4.39, 0.98, 3.35, 4.92, 3.94]	[2.95]
SRC controls-state-change-of STAT5B	1	0.0	5.0	0.0	2.95	[5.0]	[13.0, 2.0, 0.0, 2.0, 2.0, 1.0, 4.0, 12.0, 14.0, 20.0]	[2.95]	[2.23, 2.63, 5.58, 2.95, 3.94, 4.39, 0.98, 3.35, 4.92, 3.94]
MYB controls-expression-of RUNX1T1	5	7.042726744663604	10.0	0.7556877662103576	3.7560000000000002	[2.0, 2.0, 12.0, 14.0, 20.0]	[13.0, 0.0, 5.0, 2.0, 1.0, 4.0]	[2.63, 3.94, 3.35, 4.92, 3.94]	[2.23, 5.58, 2.95, 2.95, 4.39, 0.98]
AKT2 controls-state-change-of FOXO3	9	6.623937138128391	7.888888888888889	1.322573249389235	3.586666666666667	[13.0, 0.0, 5.0, 2.0, 1.0, 4.0, 12.0, 14.0, 20.0]	[2.0, 2.0]	[2.23, 5.58, 2.95, 3.94, 4.39, 0.98, 3.35, 4.92, 3.94]	[2.63, 2.95]
SRC controls-state-change-of STAT5A	1	0.0	5.0	0.0	2.95	[5.0]	[13.0, 2.0, 0.0, 2.0, 2.0, 1.0, 4.0, 12.0, 14.0, 20.0]	[2.95]	[2.23, 2.63, 5.58, 2.95, 3.94, 4.39, 0.98, 3.35, 4.92, 3.94]
RRAS controls-state-change-of PIK3CB	1	0.0	5.0	0.0	2.95	[5.0]	[13.0, 2.0, 0.0, 2.0, 2.0, 1.0, 4.0, 12.0, 14.0, 20.0]	[2.95]	[2.23, 2.63, 5.58, 2.95, 3.94, 4.39, 0.98, 3.35, 4.92, 3.94]
FOXA1 controls-expression-of BRIP1	2	1.5	3.5	0.0	2.95	[5.0, 2.0]	[13.0, 2.0, 0.0, 2.0, 1.0, 4.0, 12.0, 14.0, 20.0]	[2.95, 2.95]	[2.23, 2.63, 5.58, 3.94, 4.39, 0.98, 3.35, 4.92, 3.94]
CCNE1 controls-state-change-of E2F3	1	0.0	2.0	0.0	3.94	[2.0]	[13.0, 2.0, 0.0, 5.0, 2.0, 1.0, 4.0, 12.0, 14.0, 20.0]	[3.94]	[2.23, 2.63, 5.58, 2.95, 2.95, 4.39, 0.98, 3.35, 4.92, 3.94]
MYC controls-expression-of CDKN1B	8	6.613197033205649	7.625	1.2097701227919295	3.2475	[13.0, 2.0, 5.0, 2.0, 1.0, 4.0, 14.0, 20.0]	[0.0, 2.0, 12.0]	[2.23, 2.63, 2.95, 3.94, 4.39, 0.98, 4.92, 3.94]	[5.58, 2.95, 3.35]
JAK1 controls-state-change-of MAP3K1	4	4.527692569068709	9.0	1.4274627841033196	2.77	[13.0, 5.0, 4.0, 14.0]	[2.0, 0.0, 2.0, 2.0, 1.0, 12.0, 20.0]	[2.23, 2.95, 0.98, 4.92]	[2.63, 5.58, 2.95, 3.94, 4.39, 3.35, 3.94]
CDKN2B controls-state-change-of CDK4	1	0.0	5.0	0.0	2.95	[5.0]	[13.0, 2.0, 0.0, 2.0, 2.0, 1.0, 4.0, 12.0, 14.0, 20.0]	[2.95]	[2.23, 2.63, 5.58, 2.95, 3.94, 4.39, 0.98, 3.35, 4.92, 3.94]
PAK1 controls-state-change-of KRAS	9	6.465482900433846	6.555555555555555	1.2604036194610906	3.3322222222222226	[13.0, 2.0, 0.0, 5.0, 2.0, 1.0, 4.0, 12.0, 20.0]	[2.0, 14.0]	[2.23, 2.63, 5.58, 2.95, 3.94, 4.39, 0.98, 3.35, 3.94]	[2.95, 4.92]
NF1 controls-state-change-of KRAS	2	1.5	3.5	0.16000000000000014	2.79	[2.0, 5.0]	[13.0, 0.0, 2.0, 2.0, 1.0, 4.0, 12.0, 14.0, 20.0]	[2.63, 2.95]	[2.23, 5.58, 2.95, 3.94, 4.39, 0.98, 3.35, 4.92, 3.94]
JAK2 controls-state-change-of CCND3	10	6.527633568147036	7.3	1.2871087755119999	3.4910000000000005	[13.0, 2.0, 0.0, 5.0, 2.0, 1.0, 4.0, 12.0, 14.0, 20.0]	[2.0]	[2.23, 2.63, 5.58, 2.95, 3.94, 4.39, 0.98, 3.35, 4.92, 3.94]	[2.95]
PRKCQ controls-state-change-of HIST1H3B	1	0.0	12.0	0.0	3.35	[12.0]	[13.0, 2.0, 0.0, 5.0, 2.0, 2.0, 1.0, 4.0, 14.0, 20.0]	[3.35]	[2.23, 2.63, 5.58, 2.95, 2.95, 3.94, 4.39, 0.98, 4.92, 3.94]
VEGFA controls-state-change-of PIK3CA	3	4.0276819911981905	7.333333333333333	0.8138932498935117	2.0533333333333332	[13.0, 5.0, 4.0]	[2.0, 0.0, 2.0, 2.0, 1.0, 12.0, 14.0, 20.0]	[2.23, 2.95, 0.98]	[2.63, 5.58, 2.95, 3.94, 4.39, 3.35, 4.92, 3.94]
PIK3R1 controls-state-change-of AKT2	1	0.0	20.0	0.0	3.94	[20.0]	[13.0, 2.0, 0.0, 5.0, 2.0, 2.0, 1.0, 4.0, 12.0, 14.0]	[3.94]	[2.23, 2.63, 5.58, 2.95, 2.95, 3.94, 4.39, 0.98, 3.35, 4.92]
TP53 controls-state-change-of PIK3R1	1	0.0	20.0	0.0	3.94	[20.0]	[13.0, 2.0, 0.0, 5.0, 2.0, 2.0, 1.0, 4.0, 12.0, 14.0]	[3.94]	[2.23, 2.63, 5.58, 2.95, 2.95, 3.94, 4.39, 0.98, 3.35, 4.92]
AKT2 controls-state-change-of TP53	11	6.407640067893126	6.818181818181818	1.2370258921507018	3.441818181818182	[13.0, 2.0, 0.0, 5.0, 2.0, 2.0, 1.0, 4.0, 12.0, 14.0, 20.0]	[]	[2.23, 2.63, 5.58, 2.95, 2.95, 3.94, 4.39, 0.98, 3.35, 4.92, 3.94]	[]
AKT2 controls-state-change-of HIST1H3B	1	0.0	12.0	0.0	3.35	[12.0]	[13.0, 2.0, 0.0, 5.0, 2.0, 2.0, 1.0, 4.0, 14.0, 20.0]	[3.35]	[2.23, 2.63, 5.58, 2.95, 2.95, 3.94, 4.39, 0.98, 4.92, 3.94]
TCF3 controls-expression-of NOTCH1	1	0.0	14.0	0.0	4.92	[14.0]	[13.0, 2.0, 0.0, 5.0, 2.0, 2.0, 1.0, 4.0, 12.0, 20.0]	[4.92]	[2.23, 2.63, 5.58, 2.95, 2.95, 3.94, 4.39, 0.98, 3.35, 3.94]
CCND3 controls-state-change-of RB1	9	6.384781288248286	8.11111111111111	1.1410369985669901	3.258888888888889	[13.0, 2.0, 5.0, 2.0, 1.0, 4.0, 12.0, 14.0, 20.0]	[0.0, 2.0]	[2.23, 2.63, 2.95, 3.94, 4.39, 0.98, 3.35, 4.92, 3.94]	[5.58, 2.95]
RUNX1 controls-expression-of PRKCQ	10	6.527633568147036	7.3	1.2871087755119999	3.4910000000000005	[13.0, 2.0, 0.0, 5.0, 2.0, 1.0, 4.0, 12.0, 14.0, 20.0]	[2.0]	[2.23, 2.63, 5.58, 2.95, 3.94, 4.39, 0.98, 3.35, 4.92, 3.94]	[2.95]
PRKCE controls-state-change-of AKT1	4	4.527692569068709	9.0	1.4274627841033196	2.77	[13.0, 5.0, 4.0, 14.0]	[2.0, 0.0, 2.0, 2.0, 1.0, 12.0, 20.0]	[2.23, 2.95, 0.98, 4.92]	[2.63, 5.58, 2.95, 3.94, 4.39, 3.35, 3.94]
FGF19 controls-state-change-of AKT2	1	0.0	2.0	0.0	2.95	[2.0]	[13.0, 2.0, 0.0, 5.0, 2.0, 1.0, 4.0, 12.0, 14.0, 20.0]	[2.95]	[2.23, 2.63, 5.58, 2.95, 3.94, 4.39, 0.98, 3.35, 4.92, 3.94]
FANCD2 controls-expression-of BRCA1	1	0.0	12.0	0.0	3.35	[12.0]	[13.0, 2.0, 0.0, 5.0, 2.0, 2.0, 1.0, 4.0, 14.0, 20.0]	[3.35]	[2.23, 2.63, 5.58, 2.95, 2.95, 3.94, 4.39, 0.98, 4.92, 3.94]
AKT1 controls-state-change-of NF2	4	4.527692569068709	9.0	1.4274627841033196	2.77	[13.0, 5.0, 4.0, 14.0]	[2.0, 0.0, 2.0, 2.0, 1.0, 12.0, 20.0]	[2.23, 2.95, 0.98, 4.92]	[2.63, 5.58, 2.95, 3.94, 4.39, 3.35, 3.94]
POLD1 controls-state-change-of BRIP1	1	0.0	20.0	0.0	3.94	[20.0]	[13.0, 2.0, 0.0, 5.0, 2.0, 2.0, 1.0, 4.0, 12.0, 14.0]	[3.94]	[2.23, 2.63, 5.58, 2.95, 2.95, 3.94, 4.39, 0.98, 3.35, 4.92]
RB1 controls-expression-of PPM1D	7	6.630172220498453	9.428571428571429	1.2593163030074723	3.392857142857143	[13.0, 2.0, 1.0, 4.0, 12.0, 14.0, 20.0]	[2.0, 0.0, 5.0, 2.0]	[2.23, 3.94, 4.39, 0.98, 3.35, 4.92, 3.94]	[2.63, 5.58, 2.95, 2.95]
FGF19 controls-state-change-of AKT1	4	5.123475382979799	4.5	1.796781845411401	3.295	[13.0, 0.0, 1.0, 4.0]	[2.0, 5.0, 2.0, 2.0, 12.0, 14.0, 20.0]	[2.23, 5.58, 4.39, 0.98]	[2.63, 2.95, 2.95, 3.94, 3.35, 4.92, 3.94]
EGFR controls-state-change-of CD79B	1	0.0	1.0	0.0	4.39	[1.0]	[13.0, 2.0, 0.0, 5.0, 2.0, 2.0, 4.0, 12.0, 14.0, 20.0]	[4.39]	[2.23, 2.63, 5.58, 2.95, 2.95, 3.94, 0.98, 3.35, 4.92, 3.94]
FOXA1 controls-expression-of HIST1H1C	1	0.0	5.0	0.0	2.95	[5.0]	[13.0, 2.0, 0.0, 2.0, 2.0, 1.0, 4.0, 12.0, 14.0, 20.0]	[2.95]	[2.23, 2.63, 5.58, 2.95, 3.94, 4.39, 0.98, 3.35, 4.92, 3.94]
ERBB2 controls-state-change-of FGF19	1	0.0	2.0	0.0	2.95	[2.0]	[13.0, 2.0, 0.0, 5.0, 2.0, 1.0, 4.0, 12.0, 14.0, 20.0]	[2.95]	[2.23, 2.63, 5.58, 2.95, 3.94, 4.39, 0.98, 3.35, 4.92, 3.94]
ERBB2 controls-state-change-of CTNNB1	1	0.0	1.0	0.0	4.39	[1.0]	[13.0, 2.0, 0.0, 5.0, 2.0, 2.0, 4.0, 12.0, 14.0, 20.0]	[4.39]	[2.23, 2.63, 5.58, 2.95, 2.95, 3.94, 0.98, 3.35, 4.92, 3.94]
AKT1 controls-state-change-of BCL2L1	5	5.979966555090422	11.2	1.3598323426069847	3.004	[13.0, 5.0, 4.0, 14.0, 20.0]	[2.0, 0.0, 2.0, 2.0, 1.0, 12.0]	[2.23, 2.95, 0.98, 4.92, 3.94]	[2.63, 5.58, 2.95, 3.94, 4.39, 3.35]
CEBPA controls-expression-of FBXW7	4	6.5	10.5	1.078992585702052	2.525	[13.0, 5.0, 4.0, 20.0]	[2.0, 0.0, 2.0, 2.0, 1.0, 12.0, 14.0]	[2.23, 2.95, 0.98, 3.94]	[2.63, 5.58, 2.95, 3.94, 4.39, 3.35, 4.92]
